pics/1404934388167.png 1 482 199 33 75
pics/1404934414191.png 3 168 232 18 17 342 174 64 123 406 242 26 21
pics/1404934514327.png 2 299 253 42 40 572 256 22 21
pics/1404934518527.png 1 354 278 73 65
pics/1404934536463.png 1 136 237 32 37
pics/1404934625679.png 1 325 241 13 14
pics/1404934628815.png 1 167 223 6 4
pics/1404934635991.png 1 350 236 7 7
pics/1404934639463.png 1 381 249 15 11
pics/1404934643015.png 1 449 238 7 9
pics/1404934655343.png 1 539 231 9 9
pics/1404934663863.png 2 178 221 12 9 215 226 22 24
pics/1404934691791.png 3 136 268 30 27 509 265 17 21 471 247 12 16
pics/1404934697527.png 3 282 257 16 23 440 242 18 18 614 256 19 19
pics/1404934703887.png 3 455 254 46 59 184 227 30 42 354 191 24 63
pics/1404934706671.png 2 92 260 58 82 62 184 25 67
pics/1404934716679.png 2 262 206 13 30 387 210 17 33
pics/1404934917167.png 2 317 229 7 25 392 233 10 24
pics/1404934921904.png 2 38 207 9 34 394 222 9 28
pics/1404934926920.png 2 417 225 12 40 515 230 12 34
pics/1404934935456.png 1 143 182 37 113
pics/1404934939176.png 1 178 164 51 164
pics/1404934954384.png 2 309 219 16 35 245 239 9 9
pics/1404934959264.png 3 426 249 10 8 526 230 15 40 555 252 11 15
pics/1404934962775.png 4 181 253 11 12 289 231 16 44 414 236 19 46 321 258 11 19
pics/1404934967496.png 2 147 212 14 52 269 250 10 10
pics/1404934972056.png 3 6 188 40 85 62 237 19 20 259 197 25 74
pics/1404934975472.png 3 84 182 48 112 139 244 24 34 368 258 22 19
pics/1404934981968.png 3 139 250 24 35 313 171 67 159 427 258 31 34
pics/1404934989928.png 1 449 264 25 30
pics/1404934992888.png 3 98 251 25 30 266 167 79 181 411 264 36 37
pics/1404934995599.png 4 7 157 77 200 166 263 39 36 461 279 28 26 528 194 45 134
pics/1404934998528.png 4 5 144 68 229 166 262 41 41 477 277 30 26 565 191 50 146
pics/1404935001048.png 3 80 253 46 51 419 275 32 32 531 183 61 156
pics/1404935003799.png 2 235 280 36 33 365 181 65 171
pics/1404935007279.png 3 282 287 48 41 418 264 25 25 517 154 94 227
pics/1404935010031.png 2 465 302 53 40 565 270 25 24
pics/1404935012599.png 2 351 307 64 46 420 267 28 24
pics/1404935015615.png 2 508 265 30 29 498 318 71 66
pics/1404935128216.png 3 1 292 20 33 143 284 24 23 389 284 17 15
pics/1404935135024.png 1 467 279 16 17
pics/1404935144783.png 2 84 337 51 48 538 306 27 23
pics/1404935150623.png 2 110 277 19 21 318 283 18 19
pics/1404935167776.png 3 32 236 17 20 220 243 16 19 289 292 30 36
pics/1404935171488.png 2 65 243 21 22 504 386 75 84
pics/1404935174751.png 2 133 249 30 36 439 252 25 27
pics/1404935177959.png 1 338 272 42 44
pics/1404935180480.png 2 204 265 29 30 415 270 18 18
pics/1404935184807.png 1 309 263 27 25
pics/1404935188624.png 1 345 268 44 41
pics/1404935191928.png 1 503 282 65 61
pics/1404935329152.png 1 357 262 15 17
pics/1404935365960.png 1 17 252 14 15
pics/1404935372168.png 1 71 298 32 31
pics/1404935900353.png 1 389 155 34 117
pics/1404935920184.png 1 586 252 53 69
pics/1404935942065.png 2 361 223 20 20 546 253 16 16
pics/1404935950641.png 1 256 141 41 136
pics/1404936152084.png 1 401 107 65 213
pics/1404936330740.png 1 67 153 32 116
pics/1404936344412.png 2 108 146 36 124 185 216 18 20
pics/1404936352356.png 1 531 266 68 72
pics/1404936355580.png 2 199 278 102 91 601 268 39 39
pics/1404936378148.png 2 23 241 54 57 284 230 32 38
pics/1404936381884.png 2 314 153 27 81 504 257 96 95
pics/1404936385316.png 1 131 151 38 112
pics/1404936388955.png 1 522 140 44 159
pics/1413757143224.png 2 28 204 15 56 159 208 15 54
pics/1413757422256.png 2 30 203 17 62 176 208 15 56
pics/1413757434368.png 2 37 193 24 87 232 202 19 75
pics/1413757448464.png 1 387 166 48 164
pics/1413757499128.png 1 498 181 46 137
pics/1413757503488.png 1 307 169 48 161
pics/1413757548136.png 2 107 245 22 27 369 250 25 29
pics/1413757558920.png 1 505 254 40 46
pics/1413757567976.png 1 131 278 59 64
pics/1413757570688.png 1 197 293 114 108
pics/1413757580009.png 1 183 292 31 32
pics/1413757582680.png 1 237 310 40 40
pics/1413757585488.png 1 299 328 46 46
pics/1413757586816.png 1 356 348 59 53
pics/1413757600672.png 1 447 302 36 36
pics/1413757602288.png 1 609 308 29 28
pics/1413757605689.png 1 135 316 39 38
pics/1413757608592.png 1 223 346 65 59
pics/1413757614184.png 1 476 295 27 28
pics/1413757624144.png 1 395 281 30 35
pics/1413757630016.png 1 209 275 25 32
pics/1413757636336.png 2 226 265 15 21 327 315 45 49
pics/1413757638616.png 2 274 269 19 31 462 344 56 61
pics/1413757643824.png 1 417 292 29 35
pics/1413757648752.png 1 123 270 47 41
pics/1404934388167.png 1 478 213 33 60
pics/1404934414191.png 3 349 183 49 111 166 227 25 24 403 234 30 32
pics/1404934420359.png 2 394 279 86 84 416 248 15 14
pics/1404934500207.png 2 239 223 26 28 526 237 29 27
pics/1404934505463.png 1 296 238 33 33
pics/1404934510799.png 2 147 234 57 54 547 253 36 37
pics/1404934514327.png 2 297 249 42 41 569 252 26 25
pics/1404934518527.png 1 355 271 71 73
pics/1404934536463.png 1 136 235 31 36
pics/1404934619951.png 1 168 218 12 13
pics/1404934625679.png 2 323 237 16 17 352 230 11 13
pics/1404934635991.png 1 349 233 11 11
pics/1404934639463.png 2 381 245 17 18 430 237 12 13
pics/1404934655343.png 2 537 229 12 10 470 222 10 10
pics/1404934663863.png 3 215 224 22 23 177 217 16 15 142 213 11 12
pics/1404934691791.png 7 135 265 31 35 82 209 14 12 191 221 15 14 233 237 16 17 313 227 15 15 469 244 17 18 509 264 17 19
pics/1404934697527.png 7 190 230 14 13 281 256 18 20 304 239 14 12 388 217 13 34 441 241 16 17 498 216 17 43 615 254 19 21
pics/1404934703887.png 5 46 224 20 16 183 225 31 28 201 182 15 40 359 187 18 61 454 255 45 51
pics/1404934706671.png 2 66 182 21 72 90 259 60 53
pics/1404934716679.png 2 261 201 15 39 389 208 14 35
pics/1404934917167.png 2 315 226 12 30 393 229 10 30
pics/1404934921904.png 2 393 216 13 35 38 202 11 41
pics/1404934926920.png 2 418 227 12 38 515 230 12 33
pics/1404934935456.png 1 143 182 42 120
pics/1404934939176.png 1 182 163 54 169
pics/1404934954384.png 3 244 237 13 11 311 217 14 38 350 238 12 14
pics/1404934959264.png 3 424 246 12 12 527 230 16 35 552 247 14 16
pics/1404934962775.png 6 181 252 12 14 290 230 14 47 320 257 15 14 416 237 17 43 439 265 15 15 540 265 13 13
pics/1404934967496.png 3 26 236 17 17 148 210 15 53 265 247 15 13
pics/1404934972056.png 4 13 191 29 81 59 234 25 27 258 196 27 78 387 245 18 17
pics/1404934975472.png 5 83 185 48 113 138 240 26 24 366 256 25 19 392 200 29 86 505 253 21 18
pics/1404934981968.png 4 138 248 26 27 247 244 11 10 335 170 43 167 427 255 34 35
pics/1404934989928.png 2 448 263 27 26 549 261 11 8
pics/1404934992888.png 3 96 250 29 28 297 172 48 181 411 260 38 38
pics/1404934995599.png 5 19 160 65 198 164 262 41 40 459 276 31 29 537 193 36 130 608 267 21 19
pics/1404934998528.png 6 5 168 72 219 148 250 10 11 165 262 43 41 476 276 29 26 576 187 38 152 620 264 20 20
pics/1404935001048.png 3 547 185 39 158 417 274 33 32 75 252 52 52
pics/1404935003799.png 2 234 281 38 29 381 179 52 174
pics/1404935007279.png 3 282 286 48 43 418 264 25 24 545 155 68 242
pics/1404935010031.png 2 462 299 55 46 563 268 28 28
pics/1404935012599.png 3 349 306 67 49 419 264 30 29 583 258 14 15
pics/1404935015615.png 2 496 317 72 56 506 263 33 27
pics/1404935128216.png 9 1 292 21 33 142 283 27 23 102 239 11 10 130 251 11 11 214 244 11 10 246 255 13 13 325 250 11 9 389 282 19 18 444 254 10 12
pics/1404935135024.png 3 406 256 12 12 466 280 18 17 556 260 13 13
pics/1404935144783.png 8 85 337 53 53 535 305 31 28 130 243 13 12 155 260 14 12 265 246 13 12 310 260 16 14 394 249 15 12 523 253 13 12
pics/1404935150623.png 6 25 245 14 16 107 276 22 23 180 253 16 16 332 261 16 13 318 282 19 21 478 265 14 13
pics/1404935167776.png 4 30 237 20 18 217 243 19 18 286 290 35 35 388 250 15 13
pics/1404935171488.png 3 64 242 21 19 263 247 15 14 506 384 76 76
pics/1404935174751.png 2 131 250 34 35 438 251 28 28
pics/1404935177959.png 1 338 273 43 42
pics/1404935180480.png 2 201 264 32 30 415 269 18 17
pics/1404935184807.png 1 307 261 28 28
pics/1404935188624.png 1 346 268 44 40
pics/1404935191928.png 1 503 281 67 61
pics/1404935318424.png 1 105 241 10 9
pics/1404935329152.png 2 357 261 16 14 395 253 12 10
pics/1404935365960.png 2 16 251 15 14 77 238 8 9
pics/1404935372168.png 3 70 298 34 29 194 250 14 14 77 247 12 10
pics/1404935893617.png 2 376 195 14 39 505 197 11 41
pics/1404935900353.png 1 395 156 37 114
pics/1404935920184.png 5 587 253 52 55 365 219 16 15 288 220 13 11 257 214 12 11 243 214 8 10
pics/1404935942065.png 3 359 220 22 23 530 233 22 21 544 252 17 16
pics/1404935950641.png 1 265 140 36 141
pics/1404936152084.png 1 410 109 63 224
pics/1404936330740.png 1 63 152 37 125
pics/1404936344412.png 3 33 215 21 21 110 145 38 128 184 214 20 20
pics/1404936352356.png 2 529 266 69 69 330 233 12 13
pics/1404936355580.png 4 209 280 91 87 382 257 22 21 599 268 43 43 193 233 19 17
pics/1404936378148.png 2 24 240 52 58 283 231 34 33
pics/1404936381884.png 2 315 153 30 86 509 258 88 95
pics/1404936385316.png 1 135 151 33 120
pics/1404936388955.png 1 526 143 52 176
pics/1413757143224.png 4 27 203 17 51 157 208 17 51 400 216 10 42 498 219 14 38
pics/1413757422256.png 4 28 202 20 59 174 207 17 56 430 214 13 48 527 216 14 41
pics/1413757434368.png 4 36 194 27 79 231 200 21 74 526 213 19 58 612 220 18 50
pics/1413757448464.png 1 384 165 59 157
pics/1413757499128.png 1 497 183 49 130
pics/1413757503488.png 1 309 171 54 157
pics/1413757523384.png 4 66 235 13 12 212 237 16 15 357 239 15 13 564 245 15 14
pics/1413757527280.png 4 66 233 15 14 227 238 18 17 385 243 12 10 599 247 13 15
pics/1413757528648.png 4 68 235 16 15 236 238 17 18 396 241 15 16 614 247 13 14
pics/1413757529456.png 4 69 235 15 13 237 237 20 16 399 241 15 14 620 247 10 12
pics/1413757548136.png 3 106 243 22 26 370 248 24 34 545 250 21 25
pics/1413757558920.png 1 504 254 40 46
pics/1413757567976.png 3 11 256 16 23 128 277 62 67 429 260 12 15
pics/1413757570688.png 1 206 296 101 99
pics/1413757580009.png 1 184 293 28 27
pics/1413757582680.png 2 237 308 41 40 217 258 16 16
pics/1413757585488.png 4 34 248 14 15 235 260 17 17 294 328 52 45 538 264 19 23
pics/1413757586816.png 4 355 347 61 53 33 250 18 14 249 264 20 15 565 267 19 20
pics/1413757600672.png 3 446 301 38 32 260 251 13 16 132 247 15 14
pics/1413757602288.png 1 611 305 28 31
pics/1413757605689.png 4 134 313 42 42 343 269 20 18 485 268 20 21 531 263 14 13
pics/1413757608592.png 3 226 346 62 61 416 267 22 20 559 270 24 21
pics/1413757614184.png 2 48 257 15 16 477 294 29 24
pics/1413757624144.png 2 395 281 31 28 515 251 17 16
pics/1413757630016.png 2 207 276 28 26 195 252 16 16
pics/1413757636336.png 2 223 262 23 24 326 313 48 44
pics/1413757638616.png 2 271 268 22 25 458 342 60 55
pics/1413757643824.png 3 413 290 36 30 379 253 18 17 421 250 15 18
pics/1413757648752.png 3 125 270 43 43 141 219 22 23 200 218 15 18
pics/1413757655320.png 3 519 332 47 46 492 270 22 21 546 270 16 15
pics/1413757659320.png 1 236 318 41 35
pics/1413757667104.png 3 174 314 50 48 217 255 22 21 264 252 16 17
pics/1413757712584.png 3 287 269 18 16 442 258 11 11 559 276 19 19
pics/1413757757665.png 2 276 157 75 186 495 189 33 110
pics/1404934505463.png 1 297 237 32 33
pics/1404934510799.png 2 148 236 55 57 549 252 35 34
pics/1414197383368.png 2 477 339 129 127 118 279 29 26
pics/1414197384607.png 3 158 285 33 30 433 258 20 19 179 253 20 17
pics/1414197384991.png 3 171 282 34 32 449 254 18 19 187 249 20 16
pics/1414197385375.png 3 184 293 39 31 464 259 17 17 193 255 19 18
pics/1414197385847.png 3 200 293 45 38 475 259 24 21 203 251 20 20
pics/1414197386351.png 3 224 304 47 39 495 262 19 20 210 256 21 18
pics/1414197386984.png 3 251 311 62 47 510 260 33 25 221 256 23 22
pics/1414197387399.png 3 276 320 61 52 527 264 23 20 226 259 24 22
pics/1414197387775.png 3 307 329 60 52 543 263 24 21 235 257 25 24
pics/1414197388207.png 3 340 339 69 60 557 264 23 25 243 260 27 26
pics/1414197388615.png 4 385 351 72 63 571 267 25 19 253 263 25 22 35 250 18 16
pics/1414197389249.png 4 478 375 81 77 601 270 24 22 274 264 28 25 40 252 18 18
pics/1414197389807.png 4 558 398 83 75 620 272 23 27 288 268 28 25 39 253 20 17
pics/1414197390207.png 2 302 269 28 23 42 255 23 18
pics/1414197390567.png 2 318 270 29 26 44 253 18 21
pics/1414197390927.png 2 331 274 27 26 44 256 21 19
pics/1414197391279.png 2 347 278 32 26 47 258 22 20
pics/1414197391639.png 2 384 275 31 28 65 258 23 22
pics/1414197392007.png 2 400 281 31 32 71 263 23 26
pics/1414197392343.png 2 408 289 33 29 61 264 22 21
pics/1414197392711.png 2 368 287 38 34 10 259 28 23
pics/1414197392991.png 2 390 285 37 38 16 267 27 27
pics/1414197393376.png 2 432 279 43 42 33 267 29 27
pics/1414197393791.png 1 390 289 40 40
pics/1414197394647.png 1 467 284 45 42
pics/1414197396007.png 1 44 279 36 37
pics/1414197396583.png 1 99 291 40 39
pics/1414197397081.png 1 120 306 44 44
pics/1414197397535.png 1 156 317 52 47
pics/1414197397927.png 1 183 311 59 50
pics/1414197398239.png 1 192 330 60 58
pics/1414197398567.png 1 202 337 63 61
pics/1414197398807.png 1 204 339 69 65
pics/1414197399143.png 1 250 360 85 79
pics/1414197399631.png 1 300 370 86 79
pics/1414197400207.png 1 343 418 98 63
pics/1414197401575.png 1 475 278 32 31
pics/1414197401911.png 1 480 283 36 28
pics/1414197402231.png 2 475 290 32 31 614 292 23 21
pics/1414197402575.png 2 477 286 36 29 616 283 26 23
pics/1414197402871.png 2 471 279 42 36 610 279 29 25
pics/1414197403368.png 1 484 287 40 36
pics/1414197404871.png 1 493 295 43 40
pics/1414197405239.png 1 509 303 47 40
pics/1414197405567.png 1 540 300 43 42
pics/1414197405944.png 1 556 303 50 42
pics/1414197406279.png 1 572 311 44 44
pics/1414197407847.png 2 125 252 21 21 618 269 23 22
pics/1414197408207.png 1 127 256 21 22
pics/1414197408575.png 1 125 261 20 21
pics/1414197408887.png 1 126 258 25 23
pics/1414197409087.png 1 130 258 23 25
pics/1414197409927.png 1 325 289 52 47
pics/1414197410215.png 1 305 296 48 48
pics/1414197410511.png 1 284 301 61 55
pics/1414197410767.png 1 297 307 58 58
pics/1414197410986.png 1 282 312 60 54
pics/1414197411199.png 1 264 310 70 64
pics/1414197411391.png 1 260 311 66 65
pics/1414197412031.png 1 210 273 37 33
pics/1414197412360.png 1 215 276 39 31
pics/1414197412735.png 1 233 279 39 37
pics/1414197413031.png 1 229 281 43 39
pics/1414197413335.png 1 248 289 48 39
pics/1414197413607.png 1 259 290 47 39
pics/1414197416696.png 1 462 338 72 67
pics/1414197417169.png 1 529 356 75 75
pics/1414197417447.png 1 564 366 75 76
pics/1414197418200.png 1 423 283 34 29
pics/1414197418471.png 1 421 285 32 28
pics/1414197419207.png 1 365 287 34 32
pics/1414197419641.png 1 392 292 38 34
pics/1414197420415.png 1 305 291 52 52
pics/1414197420711.png 1 119 267 54 49
pics/1414197427151.png 1 473 305 45 50
pics/1414197435175.png 1 284 292 59 60
pics/1414197437871.png 1 364 283 39 45
pics/1414197441288.png 1 559 338 63 66
pics/1414197442919.png 1 569 265 31 28
pics/1414197443519.png 1 264 257 38 33
pics/1414197443847.png 1 44 242 31 29
pics/1414197445703.png 2 72 278 37 32 557 296 39 31
pics/1414197446559.png 2 395 357 82 79 37 272 32 36
pics/1414197457839.png 1 318 308 36 37
pics/1414197462591.png 1 54 399 126 81
pics/1414197466071.png 2 423 296 33 32 211 273 22 17
pics/1414197467919.png 1 330 272 27 26
pics/1414197475375.png 3 206 264 27 22 441 253 21 18 600 262 32 28
pics/1414197476583.png 2 518 357 63 67 173 281 28 23
pics/1414197477257.png 1 254 349 69 67
pics/1414197477967.png 1 120 356 81 77
pics/1414197478511.png 1 254 353 92 82
pics/1414197479703.png 2 427 292 29 29 221 281 25 21
pics/1414197480583.png 1 417 249 32 29
pics/1413757655320.png 3 518 331 48 47 491 268 21 23 542 265 20 20
pics/1413757659320.png 1 236 314 39 42
pics/1413757667104.png 3 179 311 39 42 214 254 24 19 268 253 14 16
pics/1413757712584.png 2 286 268 14 21 559 274 16 20
pics/1414197382703.png 1 312 320 105 94
pics/1414197382991.png 1 389 325 106 109
pics/1414197496767.png 1 100 301 45 37
pics/1414197497447.png 2 426 259 21 19 281 247 14 12
pics/1414197498543.png 2 544 247 17 14 222 222 7 8
pics/1414197500151.png 2 204 312 35 34 30 272 17 15
pics/1414197500503.png 2 186 290 35 35 16 245 16 16
pics/1414197500919.png 2 142 302 33 31 433 268 15 11
pics/1414197501351.png 2 150 285 29 36 443 249 13 13
pics/1414197502015.png 2 353 312 32 35 159 267 21 17
pics/1414197502439.png 2 186 247 13 17 529 309 36 31
pics/1414197502919.png 3 465 221 10 9 332 244 13 15 480 249 16 17
pics/1414197510295.png 3 455 279 28 26 534 258 14 14 303 250 12 11
pics/1414197510855.png 2 416 280 27 27 512 263 15 17
pics/1414197511311.png 2 378 277 26 23 486 262 10 14
pics/1414197511895.png 2 315 265 23 21 430 253 13 13
pics/1414197512343.png 2 305 266 23 25 426 257 13 13
pics/1414197512767.png 2 329 268 22 19 452 260 13 13
pics/1414197513271.png 2 352 272 18 18 479 263 10 13
pics/1414197513799.png 2 370 266 14 15 494 259 17 12
pics/1414197516775.png 2 172 247 15 13 507 263 19 15
pics/1414197517252.png 2 586 306 36 37 424 251 20 22
pics/1414197517799.png 2 501 307 37 35 375 258 19 16
pics/1414197518207.png 2 375 263 19 21 473 312 39 29
pics/1414197518671.png 2 451 299 35 40 375 262 20 16
pics/1414197519144.png 2 421 294 28 30 368 257 18 18
pics/1414197519599.png 2 394 288 26 31 359 258 17 15
pics/1414197520103.png 2 375 288 25 26 359 260 14 16
pics/1414197520551.png 2 363 281 25 27 364 257 15 15
pics/1414197520983.png 2 355 281 24 26 363 256 16 15
pics/1414197521408.png 2 338 279 28 23 358 257 14 14
pics/1414197521807.png 2 314 287 26 25 340 265 16 11
pics/1414197522295.png 2 291 269 20 23 595 274 17 19
pics/1414197522759.png 2 261 266 25 19 557 273 22 17
pics/1414197523191.png 2 267 256 19 19 557 271 21 18
pics/1414197523599.png 2 278 266 20 22 559 275 18 21
pics/1414197524032.png 3 287 271 16 16 554 275 18 22 337 251 10 14
pics/1414197524455.png 3 261 266 15 15 315 251 14 14 521 272 16 19
pics/1414197524799.png 3 477 267 18 16 222 263 17 18 281 244 14 19
pics/1414197526599.png 2 189 254 20 18 511 298 35 27
pics/1414197526983.png 2 533 301 29 25 229 258 17 17
pics/1414197533279.png 2 456 347 134 127 341 274 18 17
pics/1414197533863.png 2 365 321 110 120 339 269 16 18
pics/1414197534511.png 2 271 301 104 94 573 271 45 45
pics/1414197535103.png 2 233 297 83 76 539 280 47 37
pics/1414197535599.png 2 197 285 70 77 500 271 51 42
pics/1414197536151.png 2 108 264 59 72 406 251 42 46
pics/1414197536654.png 2 66 265 53 52 350 257 39 45
pics/1414197538415.png 3 22 255 44 37 251 254 32 25 521 256 23 23
pics/1414197538887.png 3 39 249 35 40 253 253 38 31 515 258 33 29
pics/1414197539319.png 3 38 250 33 35 244 250 29 27 497 258 27 22
pics/1414197539711.png 4 29 248 29 32 225 249 33 27 476 252 30 24 623 251 17 17
pics/1414197540143.png 4 19 246 34 30 206 246 27 24 447 251 24 26 594 252 25 19
pics/1414197540536.png 4 6 240 26 29 181 245 26 20 419 251 26 25 573 252 19 17
pics/1414197540927.png 3 156 242 31 27 388 248 28 22 543 247 20 17
pics/1414197541327.png 3 142 241 26 22 362 245 30 30 519 241 21 19
pics/1414197554503.png 2 330 155 102 210 537 196 36 108
pics/1414197555039.png 2 287 154 92 184 508 192 36 108
pics/1414197555519.png 2 242 168 86 166 471 199 41 97
pics/1414197556015.png 2 241 167 75 150 464 199 41 93
pics/1414197556487.png 2 222 177 64 130 445 199 38 91
pics/1414197556895.png 2 228 174 64 130 444 197 48 85
pics/1414197557343.png 2 261 188 58 120 479 212 25 80
pics/1414197557783.png 2 277 190 58 111 489 209 33 81
pics/1414197558247.png 2 278 191 49 117 481 208 30 73
pics/1414197558687.png 2 229 186 42 99 430 202 33 73
pics/1414197559135.png 2 179 184 43 94 384 196 29 73
pics/1414197559559.png 2 125 186 42 94 320 199 36 75
pics/1414197559935.png 2 100 192 47 86 293 200 37 74
pics/1414197560263.png 2 86 191 44 86 280 204 33 70
pics/1414197560607.png 2 77 185 37 91 271 199 25 69
pics/1414197560951.png 2 75 198 35 80 249 206 35 64
pics/1414197561311.png 2 74 196 36 76 253 200 27 74
pics/1414197561679.png 2 80 193 26 75 253 209 21 60
pics/1414197562023.png 2 88 197 39 79 259 210 24 61
pics/1414197562606.png 2 91 196 25 72 252 203 23 60
pics/1414197562967.png 2 89 200 30 67 247 209 25 60
pics/1414197563399.png 2 91 203 27 60 249 210 18 49
pics/1414197563919.png 2 93 202 30 61 242 210 24 57
pics/1414197564423.png 2 88 202 36 52 241 208 24 66
pics/1414197564887.png 2 95 205 26 57 236 209 21 48
pics/1414197565415.png 2 89 205 24 55 230 215 25 37
pics/1414197565887.png 2 82 208 25 55 213 208 31 52
pics/1414197566439.png 2 65 204 29 52 188 208 35 52
pics/1414197568575.png 2 63 205 10 49 174 211 19 39
pics/1414197571575.png 2 110 118 101 241 558 192 41 128
pics/1414197572175.png 2 12 126 113 221 464 179 52 138
pics/1414197573287.png 2 278 182 32 117 523 211 23 67
pics/1414197573815.png 2 254 191 25 99 501 210 17 62
pics/1414197574279.png 2 277 202 37 103 523 219 16 55
pics/1414197575423.png 2 155 193 56 112 463 221 30 82
pics/1414197575968.png 2 231 192 61 92 535 209 20 79
pics/1414197576527.png 2 218 182 55 91 509 200 25 80
pics/1414197577136.png 2 160 193 54 95 438 205 27 81
pics/1414197577991.png 3 55 193 48 86 314 198 24 79 568 209 20 55
pics/1414197578815.png 3 23 196 37 78 263 208 24 62 515 218 16 45
pics/1414197579879.png 3 26 197 47 69 249 208 20 69 495 222 17 48
new_pics/michael_pics/1414787636986.png 2 267 338 58 58 430 254 40 44
new_pics/michael_pics/1414787637731.png 1 205 259 53 56
new_pics/michael_pics/1414787764331.png 1 313 268 59 56
new_pics/michael_pics/1414787764531.png 1 340 269 59 58
new_pics/michael_pics/1414787765339.png 1 311 261 47 45
new_pics/michael_pics/1414787765523.png 1 283 263 54 50
new_pics/michael_pics/1414787765747.png 1 254 263 55 52
new_pics/michael_pics/1414787765955.png 1 243 265 52 55
new_pics/michael_pics/1414787766475.png 1 283 254 55 56
new_pics/michael_pics/1414787766708.png 1 332 249 59 58
new_pics/michael_pics/1414787766931.png 1 381 254 59 60
new_pics/michael_pics/1414787767243.png 1 411 261 63 64
new_pics/michael_pics/1414787767641.png 1 400 289 69 71
new_pics/michael_pics/1414787767907.png 1 363 294 67 70
new_pics/michael_pics/1414787768146.png 1 348 292 72 67
new_pics/michael_pics/1414787768387.png 1 379 283 74 76
new_pics/michael_pics/1414787768587.png 1 402 272 74 75
new_pics/michael_pics/1414787779259.png 1 289 254 25 23
new_pics/michael_pics/1414787779467.png 1 293 249 29 26
new_pics/michael_pics/1414787779684.png 1 280 248 28 26
new_pics/michael_pics/1414787779963.png 1 250 252 32 28
new_pics/michael_pics/1414787780227.png 1 216 256 32 27
new_pics/michael_pics/1414787780507.png 1 183 254 29 28
new_pics/michael_pics/1414787780774.png 1 130 263 31 28
new_pics/michael_pics/1414787781027.png 1 96 263 31 31
new_pics/michael_pics/1414787781267.png 1 67 259 26 26
new_pics/michael_pics/1414787784811.png 1 76 273 40 37
new_pics/michael_pics/1414787784955.png 1 59 273 38 39
new_pics/michael_pics/1414787799059.png 1 443 258 29 32
new_pics/michael_pics/1414787799307.png 1 473 264 27 29
new_pics/michael_pics/1414787799547.png 1 497 276 33 31
new_pics/michael_pics/1414787799771.png 1 537 285 27 31
new_pics/michael_pics/1414787800027.png 1 587 275 29 32
new_pics/michael_pics/1414787806763.png 1 418 268 34 32
new_pics/michael_pics/1414787807011.png 1 342 269 33 31
new_pics/michael_pics/1414787807227.png 1 264 265 36 32
new_pics/michael_pics/1414787807443.png 1 191 264 28 26
new_pics/michael_pics/1414787807619.png 1 151 261 31 31
new_pics/michael_pics/1414787813267.png 1 230 254 23 21
new_pics/michael_pics/1414787817355.png 1 368 322 52 50
new_pics/michael_pics/1414787817571.png 1 386 326 56 53
new_pics/michael_pics/1414787817787.png 1 386 332 64 60
new_pics/michael_pics/1414787817947.png 1 379 339 67 64
new_pics/michael_pics/1414787828739.png 1 249 335 50 53
new_pics/michael_pics/1414787828971.png 1 379 338 55 55
new_pics/michael_pics/1414787829171.png 1 446 339 55 58
new_pics/michael_pics/1414787830283.png 1 348 327 59 60
new_pics/michael_pics/1414787833539.png 1 419 268 25 27
new_pics/michael_pics/1414787833819.png 1 385 272 27 25
new_pics/michael_pics/1414787834363.png 1 352 273 27 26
new_pics/michael_pics/1414787834627.png 1 358 276 28 27
new_pics/michael_pics/1414787834891.png 1 376 280 28 28
new_pics/michael_pics/1414787835147.png 1 402 279 31 31
new_pics/michael_pics/1414787835347.png 1 430 274 29 29
new_pics/michael_pics/1414787835555.png 1 444 272 32 29
new_pics/michael_pics/1414787835779.png 1 477 275 32 33
new_pics/michael_pics/1414787835995.png 1 515 284 36 33
new_pics/michael_pics/1414787836155.png 1 538 286 34 37
new_pics/michael_pics/1414787838907.png 1 560 323 49 54
new_pics/michael_pics/1414787839131.png 1 541 323 55 56
new_pics/michael_pics/1414787839347.png 1 526 323 55 63
new_pics/michael_pics/1414787839555.png 1 509 327 56 64
new_pics/michael_pics/1414787839747.png 1 498 328 61 66
new_pics/michael_pics/1414787839947.png 1 484 327 60 67
new_pics/michael_pics/1414787840131.png 1 475 324 63 70
new_pics/michael_pics/1414787840315.png 1 457 323 59 69
new_pics/michael_pics/1414787840507.png 1 434 318 61 65
new_pics/michael_pics/1414787840675.png 1 426 319 61 65
new_pics/michael_pics/1414787840859.png 1 415 319 64 67
new_pics/michael_pics/1414787841043.png 1 399 321 60 64
new_pics/michael_pics/1414787841235.png 1 365 323 58 61
new_pics/michael_pics/1414787841451.png 1 337 319 58 64
new_pics/michael_pics/1414787841635.png 1 269 316 56 59
new_pics/michael_pics/1414787841795.png 1 232 314 54 55
new_pics/michael_pics/1414787854067.png 1 567 257 20 18
new_pics/michael_pics/1414787854427.png 1 552 257 25 25
new_pics/michael_pics/1414787854611.png 1 564 263 25 26
new_pics/michael_pics/1414787854795.png 1 573 262 26 27
new_pics/michael_pics/1414787855107.png 1 605 258 23 23
new_pics/michael_pics/1414787856771.png 1 586 269 31 31
new_pics/michael_pics/1414787857035.png 1 586 279 32 32
new_pics/michael_pics/1414787857283.png 1 606 279 29 31
new_pics/michael_pics/1414787861323.png 1 412 301 50 52
new_pics/michael_pics/1414787861491.png 1 472 299 54 53
new_pics/michael_pics/1414787879259.png 2 72 234 20 20 175 242 37 38
new_pics/michael_pics/1414787879595.png 3 186 247 43 42 87 237 23 21 5 256 21 17
new_pics/michael_pics/1414787879915.png 4 207 251 40 38 114 238 23 22 27 258 15 16 27 236 15 15
new_pics/michael_pics/1414787880171.png 3 219 251 38 39 131 240 20 20 32 256 21 20
new_pics/michael_pics/1414787880459.png 3 42 253 20 18 145 236 21 21 227 249 44 42
new_pics/michael_pics/1414787880723.png 2 233 247 44 43 152 232 23 23
new_pics/michael_pics/1414787881011.png 2 157 229 25 20 224 240 48 48
new_pics/michael_pics/1414787881291.png 1 210 242 50 48
new_pics/michael_pics/1414787881547.png 1 189 246 52 49
new_pics/michael_pics/1414787881747.png 2 158 246 54 52 123 227 22 23
new_pics/michael_pics/1414787881939.png 2 109 226 26 23 140 248 54 52
new_pics/michael_pics/1414787886539.png 1 264 246 49 48
new_pics/michael_pics/1414787886715.png 1 229 243 48 45
new_pics/michael_pics/1414787886891.png 3 161 245 49 49 378 235 26 21 504 236 18 18
new_pics/michael_pics/1414787887051.png 3 130 248 47 47 349 237 29 26 478 237 23 21
new_pics/michael_pics/1414787887235.png 3 98 251 49 47 455 237 22 22 325 236 28 26
new_pics/michael_pics/1414788144195.png 3 363 301 38 37 300 286 32 27 96 270 25 22
new_pics/michael_pics/1414788144435.png 3 330 290 40 38 67 267 20 21 270 276 31 28
new_pics/michael_pics/1414788144667.png 2 319 284 40 36 261 269 29 28
new_pics/michael_pics/1414788144867.png 2 287 281 44 39 232 263 32 32
new_pics/michael_pics/1414788145091.png 2 275 280 39 40 219 263 29 29
new_pics/michael_pics/1414788145291.png 2 240 279 39 39 188 263 28 29
new_pics/michael_pics/1414788145483.png 2 197 292 42 38 145 280 32 29
new_pics/michael_pics/1414788145675.png 2 184 301 43 39 132 288 31 27
new_pics/michael_pics/1414788146043.png 2 180 289 38 39 125 270 34 32
new_pics/michael_pics/1414788146267.png 2 151 245 31 29 204 263 38 38
new_pics/michael_pics/1414788146451.png 2 232 262 39 42 177 245 33 32
new_pics/michael_pics/1414788146651.png 2 246 274 42 39 195 257 28 28
new_pics/michael_pics/1414788146843.png 2 276 302 44 37 222 286 31 31
new_pics/michael_pics/1414788147084.png 2 309 332 42 38 250 314 33 32
new_pics/michael_pics/1414788147923.png 2 514 268 39 37 238 256 25 20
new_pics/michael_pics/1414788148091.png 2 529 243 39 38 251 252 23 17
new_pics/michael_pics/1414788148283.png 2 533 232 38 37 254 247 22 22
new_pics/michael_pics/1414788148491.png 2 521 218 42 40 242 236 22 20
new_pics/michael_pics/1414788148723.png 2 504 237 38 40 219 246 21 18
new_pics/michael_pics/1414788148939.png 2 194 274 22 21 481 279 38 38
new_pics/michael_pics/1414788149147.png 2 470 295 38 38 181 284 20 20
new_pics/michael_pics/1414788149459.png 2 446 280 37 42 153 270 22 21
new_pics/michael_pics/1414788149691.png 2 430 251 40 40 132 253 23 22
new_pics/michael_pics/1414788149899.png 2 427 241 36 38 121 253 21 22
new_pics/michael_pics/1414788150795.png 2 230 326 67 64 191 283 44 40
new_pics/michael_pics/1414788150939.png 2 216 295 45 45 251 339 71 65
new_pics/michael_pics/1414788151163.png 2 311 366 72 66 278 318 44 45
new_pics/michael_pics/1414788151355.png 2 346 375 74 67 314 326 47 44
new_pics/michael_pics/1414788151555.png 2 408 383 79 72 379 329 50 48
new_pics/michael_pics/1414788151731.png 2 430 380 80 74 406 324 48 47
new_pics/michael_pics/1414788151948.png 2 465 382 82 80 443 318 50 54
new_pics/michael_pics/1414788152139.png 2 478 389 88 83 459 322 55 54
new_pics/michael_pics/1414788152331.png 2 482 392 88 87 462 322 58 56
new_pics/michael_pics/1414788152547.png 1 455 321 56 56
new_pics/michael_pics/1414788152747.png 2 430 329 63 55 234 275 31 31
new_pics/michael_pics/1414788152939.png 2 399 337 63 56 206 283 29 28
new_pics/michael_pics/1414788153155.png 2 383 339 66 59 190 283 32 31
new_pics/michael_pics/1414788153379.png 3 351 341 67 60 164 279 32 29 491 280 27 27
new_pics/michael_pics/1414788153531.png 3 488 280 31 27 165 278 29 32 353 343 64 61
new_pics/michael_pics/1414788153755.png 3 307 334 67 66 131 264 26 28 468 273 21 23
new_pics/michael_pics/1414788153947.png 3 278 343 71 66 110 270 26 27 454 275 23 27
new_pics/michael_pics/1414788154163.png 3 253 356 69 71 91 278 31 33 443 281 26 28
new_pics/michael_pics/1414788154371.png 3 234 361 74 75 82 280 32 33 438 280 28 31
new_pics/michael_pics/1414788154539.png 3 206 370 76 75 70 284 28 28 432 280 28 28
new_pics/michael_pics/1414788154804.png 3 177 376 86 83 60 281 31 29 433 283 28 29
new_pics/michael_pics/1414788154995.png 3 159 383 83 87 59 278 32 29 439 285 34 31
new_pics/michael_pics/1414788155211.png 2 448 284 34 34 61 275 33 31
new_pics/michael_pics/1414788155811.png 2 58 296 37 33 476 285 36 36
new_pics/michael_pics/1414788156011.png 2 457 297 42 38 31 307 36 33
new_pics/michael_pics/1414788157755.png 1 299 308 60 52
new_pics/michael_pics/1414788157939.png 1 331 321 64 52
new_pics/michael_pics/1414788158155.png 1 390 344 65 58
new_pics/michael_pics/1414788158323.png 1 426 355 66 60
new_pics/michael_pics/1414788160027.png 1 39 290 39 38
new_pics/michael_pics/1414788160195.png 1 44 318 37 39
new_pics/michael_pics/1414788160395.png 2 31 329 36 36 548 274 31 28
new_pics/michael_pics/1414788160571.png 2 4 340 36 36 525 268 31 29
new_pics/michael_pics/1414788163619.png 1 400 301 40 33
new_pics/michael_pics/1414788163827.png 1 375 276 37 36
new_pics/michael_pics/1414788163971.png 1 354 269 38 37
new_pics/michael_pics/1414788164627.png 1 5 281 29 28
new_pics/michael_pics/1414788166076.png 2 165 294 43 39 383 269 28 28
new_pics/michael_pics/1414788166267.png 2 156 312 43 42 379 289 33 32
new_pics/michael_pics/1414788166451.png 2 140 312 47 45 374 295 32 31
new_pics/michael_pics/1414788166643.png 2 132 301 45 44 372 285 33 31
new_pics/michael_pics/1414788166811.png 2 124 273 50 48 378 263 33 33
new_pics/michael_pics/1414788167011.png 2 125 267 48 49 378 262 37 34
new_pics/michael_pics/1414788167195.png 2 130 283 48 45 397 278 31 29
new_pics/michael_pics/1414788167355.png 2 134 296 45 48 405 285 34 32
new_pics/michael_pics/1414788168051.png 1 152 276 43 43
new_pics/michael_pics/1414788168243.png 1 173 306 49 47
new_pics/michael_pics/1414788168459.png 1 184 310 49 45
new_pics/michael_pics/1414788168683.png 1 208 310 50 44
new_pics/michael_pics/1414788168899.png 1 239 302 52 52
new_pics/michael_pics/1414788169116.png 1 277 303 59 50
new_pics/michael_pics/1414788169331.png 1 315 299 54 55
new_pics/michael_pics/1414788169515.png 1 327 294 59 59
new_pics/michael_pics/1414788170331.png 2 55 319 55 55 491 305 49 52
new_pics/michael_pics/1414788170532.png 2 34 327 56 54 476 307 50 49
new_pics/michael_pics/1414788170740.png 1 444 313 50 48
new_pics/michael_pics/1414788170931.png 1 410 314 48 49
new_pics/michael_pics/1414788171116.png 1 389 311 53 54
new_pics/michael_pics/1414788171315.png 1 352 307 56 52
new_pics/michael_pics/1414788171493.png 1 335 303 59 55
new_pics/michael_pics/1414788172779.png 1 234 323 61 63
new_pics/michael_pics/1414788172931.png 1 237 323 63 65
new_pics/michael_pics/1414788175523.png 2 527 289 32 33 538 251 21 23
new_pics/michael_pics/1414788175715.png 3 535 295 29 32 543 251 22 23 596 249 23 25
new_pics/michael_pics/1414788175899.png 3 542 286 31 34 551 240 25 25 603 240 27 25
new_pics/michael_pics/1414788176067.png 3 533 281 36 34 547 235 26 26 601 231 27 27
new_pics/michael_pics/1414788176379.png 3 497 292 36 37 515 241 28 28 570 240 28 32
new_pics/michael_pics/1414788176603.png 3 453 303 37 37 475 249 29 28 533 248 26 27
new_pics/michael_pics/1414788176843.png 3 388 296 40 38 423 241 26 29 482 242 28 29
new_pics/michael_pics/1414788177067.png 3 305 290 42 43 349 234 31 29 412 235 29 28
new_pics/michael_pics/1414788177291.png 3 261 289 40 38 313 235 26 27 376 236 27 27
new_pics/michael_pics/1414788177507.png 3 165 290 45 42 227 235 31 29 292 236 31 31
new_pics/michael_pics/1414788177667.png 3 87 284 43 40 158 227 32 28 222 229 33 28
new_pics/michael_pics/1414788181819.png 3 298 324 52 52 484 247 29 27 556 245 27 29
new_pics/michael_pics/1414788394243.png 1 234 308 48 48
new_pics/michael_pics/1414788394411.png 1 210 319 50 52
new_pics/michael_pics/1414788394611.png 1 162 337 54 52
new_pics/michael_pics/1414788394795.png 1 138 344 52 52
new_pics/michael_pics/1414788394980.png 1 94 355 48 53
new_pics/michael_pics/1414788395163.png 1 72 361 55 56
new_pics/michael_pics/1414788408531.png 1 246 251 28 27
new_pics/michael_pics/1414788408708.png 1 234 240 28 29
new_pics/michael_pics/1414788408971.png 1 233 226 27 29
new_pics/michael_pics/1414788409195.png 1 244 246 26 26
new_pics/michael_pics/1414788409420.png 1 269 283 28 27
new_pics/michael_pics/1414788409627.png 1 322 295 29 28
new_pics/michael_pics/1414788409859.png 1 399 295 32 31
new_pics/michael_pics/1414788410075.png 1 441 295 32 31
new_pics/michael_pics/1414788427836.png 1 251 249 26 23
new_pics/michael_pics/1414788428075.png 1 262 251 27 25
new_pics/michael_pics/1414788428371.png 1 239 265 26 27
new_pics/michael_pics/1414788428619.png 1 216 294 28 27
new_pics/michael_pics/1414788428875.png 1 194 301 31 31
new_pics/michael_pics/1414788429235.png 1 183 274 27 31
new_pics/michael_pics/1414788429619.png 1 184 276 31 33
new_pics/michael_pics/1414788430075.png 1 226 281 32 33
new_pics/michael_pics/1414788430332.png 1 267 292 34 33
new_pics/michael_pics/1414788430539.png 1 315 299 37 36
new_pics/michael_pics/1414788430731.png 1 337 295 37 37
new_pics/michael_pics/1414788430923.png 1 362 267 40 39
new_pics/michael_pics/1414788431139.png 1 362 262 39 39
new_pics/michael_pics/1414788431367.png 1 336 291 40 43
new_pics/michael_pics/1414788431587.png 1 314 305 43 42
new_pics/michael_pics/1414788431803.png 1 255 323 43 44
new_pics/michael_pics/1414788432051.png 1 185 332 47 44
new_pics/michael_pics/1414788432259.png 1 141 340 43 44
new_pics/michael_pics/1414788432475.png 1 105 322 47 45
new_pics/michael_pics/1414788432684.png 1 92 311 45 49
new_pics/michael_pics/1414788432899.png 1 61 314 48 52
new_pics/michael_pics/1414788433067.png 1 37 333 49 49
new_pics/michael_pics/1414788453219.png 1 45 259 28 27
new_pics/michael_pics/1414788453451.png 1 21 268 33 31
new_pics/michael_pics/1414788456604.png 1 521 308 54 56
new_pics/michael_pics/1414788456779.png 1 543 323 58 59
new_pics/michael_pics/1414788483795.png 1 362 254 26 26
new_pics/michael_pics/1414788484027.png 1 362 278 23 26
new_pics/michael_pics/1414788484235.png 1 354 280 25 28
new_pics/michael_pics/1414788484443.png 1 319 278 26 27
new_pics/michael_pics/1414788484675.png 1 261 278 26 27
new_pics/michael_pics/1414788484899.png 1 184 278 28 27
new_pics/michael_pics/1414788485067.png 1 141 278 25 23
new_pics/michael_pics/1414788486435.png 1 394 262 27 27
new_pics/michael_pics/1414788486643.png 1 361 281 28 27
new_pics/michael_pics/1414788486867.png 1 352 281 29 28
new_pics/michael_pics/1414788487091.png 1 369 264 27 26
new_pics/michael_pics/1414788487315.png 1 378 257 27 28
new_pics/michael_pics/1414788487547.png 1 396 257 26 28
new_pics/michael_pics/1414788487779.png 1 408 269 29 32
new_pics/michael_pics/1414788488035.png 1 427 279 31 32
new_pics/michael_pics/1414788488283.png 1 473 274 31 31
new_pics/michael_pics/1414788488491.png 1 492 273 28 26
new_pics/michael_pics/1414788488699.png 1 527 286 29 29
new_pics/michael_pics/1414788612612.png 3 348 182 53 108 302 235 26 27 494 246 22 25
new_pics/michael_pics/1414788612804.png 3 351 186 45 105 302 237 27 26 491 248 27 22
new_pics/michael_pics/1414788612939.png 3 300 234 29 28 347 183 52 105 491 245 27 27
new_pics/michael_pics/1414788613155.png 3 302 231 25 26 345 177 50 113 492 240 28 28
new_pics/michael_pics/1414788613323.png 3 298 229 27 27 337 175 54 115 492 240 28 31
new_pics/michael_pics/1414788614172.png 3 108 240 25 26 178 181 56 115 255 240 27 26
new_pics/michael_pics/1414788614395.png 4 7 248 22 26 170 248 23 26 248 184 49 112 322 245 23 26
new_pics/michael_pics/1414788614635.png 4 13 243 26 28 179 248 28 27 264 188 50 120 335 252 26 23
new_pics/michael_pics/1414788615069.png 4 54 243 26 29 228 249 28 27 318 189 58 124 385 252 26 29
new_pics/michael_pics/1414788615275.png 4 49 245 29 31 224 252 26 26 313 188 61 128 383 253 26 26
new_pics/michael_pics/1414788615475.png 4 18 243 27 31 194 251 29 28 292 189 61 130 361 257 22 26
new_pics/michael_pics/1414788615643.png 3 172 251 31 28 272 189 56 125 337 256 23 25
new_pics/michael_pics/1414788616563.png 2 200 165 67 153 433 253 33 31
new_pics/michael_pics/1414788616780.png 2 191 161 72 158 430 251 34 31
new_pics/michael_pics/1414788616979.png 2 179 154 75 162 424 246 36 34
new_pics/michael_pics/1414788617179.png 2 175 143 79 171 434 241 39 33
new_pics/michael_pics/1414788617355.png 2 168 139 79 180 432 240 38 36
new_pics/michael_pics/1414788617531.png 2 153 134 82 182 426 242 37 34
new_pics/michael_pics/1414788618267.png 1 194 154 83 179
new_pics/michael_pics/1414788618491.png 1 222 150 86 180
new_pics/michael_pics/1414788618675.png 2 69 249 37 33 224 156 83 185
new_pics/michael_pics/1414788618859.png 2 58 253 38 38 217 165 92 195
new_pics/michael_pics/1414788619043.png 2 48 254 34 36 210 167 91 196
new_pics/michael_pics/1414788619212.png 2 42 252 38 32 212 160 91 201
new_pics/michael_pics/1414788619995.png 2 80 247 33 34 370 257 44 39
new_pics/michael_pics/1414788620203.png 3 11 214 34 37 303 226 44 43 578 237 42 42
new_pics/michael_pics/1414788620403.png 2 259 211 47 40 538 226 43 39
new_pics/michael_pics/1414788620596.png 2 259 211 48 43 537 224 42 42
new_pics/michael_pics/1414788620795.png 2 282 264 44 43 570 279 38 42
new_pics/michael_pics/1414788620979.png 3 7 251 29 34 303 275 48 42 594 286 40 39
new_pics/michael_pics/1414788621147.png 2 17 240 39 36 325 257 48 45
new_pics/michael_pics/1414788622299.png 3 374 102 151 334 56 253 44 48 284 256 42 37
new_pics/michael_pics/1414788622483.png 3 400 101 155 357 47 263 49 48 283 262 44 40
new_pics/michael_pics/1414788622683.png 3 432 100 157 373 54 272 47 49 291 269 45 42
new_pics/michael_pics/1414788622892.png 3 42 270 47 47 278 268 43 42 429 95 158 383
new_pics/michael_pics/1414788623073.png 3 23 257 48 48 267 259 42 42 435 80 171 397
new_pics/michael_pics/1414788623219.png 3 10 254 45 52 254 257 40 42 439 74 164 401
new_pics/michael_pics/1414788624171.png 3 151 252 61 59 583 264 55 59 518 259 23 22
new_pics/michael_pics/1414788624547.png 2 130 248 65 66 589 275 54 60
new_pics/michael_pics/1414788876596.png 2 354 272 52 45 401 256 28 29
new_pics/michael_pics/1414788876836.png 2 262 278 52 42 308 257 28 28
new_pics/michael_pics/1414788878084.png 1 376 256 66 59
new_pics/michael_pics/1414788878316.png 2 446 257 65 60 435 231 32 32
new_pics/michael_pics/1414788884684.png 1 509 268 32 31
new_pics/michael_pics/1414788909660.png 2 331 139 71 156 531 166 44 97
new_pics/tommy_pics/1414787615126.png 1 374 271 29 22
new_pics/tommy_pics/1414787618140.png 1 628 250 16 28
new_pics/tommy_pics/1414787619562.png 1 458 249 35 33
new_pics/tommy_pics/1414787626091.png 1 484 256 40 33
new_pics/tommy_pics/1414787887403.png 3 48 249 48 51 282 232 30 29 420 226 14 27
new_pics/tommy_pics/1414787887603.png 3 7 248 51 59 249 227 26 29 390 226 20 22
new_pics/tommy_pics/1414787889779.png 2 238 236 30 33 425 230 17 27
new_pics/tommy_pics/1414787890067.png 2 219 238 25 30 415 229 20 33
new_pics/tommy_pics/1414787890523.png 2 156 231 34 30 365 225 28 28
new_pics/tommy_pics/1414787891651.png 2 215 256 34 35 453 245 24 25
new_pics/tommy_pics/1414787893115.png 1 127 277 63 51
new_pics/tommy_pics/1414787893347.png 1 199 264 63 50
new_pics/tommy_pics/1414787893547.png 1 271 260 54 61
new_pics/tommy_pics/1414787893739.png 1 292 262 67 60
new_pics/tommy_pics/1414787893931.png 2 347 268 62 54 478 238 12 13
new_pics/tommy_pics/1414787894827.png 2 289 230 48 35 548 235 20 26
new_pics/tommy_pics/1414787895011.png 2 310 236 41 34 567 237 24 36
new_pics/tommy_pics/1414787895195.png 2 319 234 47 37 575 240 26 23
new_pics/tommy_pics/1414787895403.png 2 337 231 47 40 596 244 21 29
new_pics/tommy_pics/1414787895619.png 2 348 235 35 40 599 242 25 30
new_pics/tommy_pics/1414787895811.png 2 347 235 36 35 594 245 32 26
new_pics/tommy_pics/1414787896019.png 2 333 236 40 34 585 247 30 23
new_pics/tommy_pics/1414787896243.png 2 557 233 23 20 301 229 34 29
new_pics/tommy_pics/1414787896403.png 2 274 230 49 32 534 226 36 30
new_pics/tommy_pics/1414787897219.png 1 359 248 55 35
new_pics/tommy_pics/1414787897411.png 1 322 249 47 38
new_pics/tommy_pics/1414787897598.png 1 303 249 37 41
new_pics/tommy_pics/1414787897779.png 1 304 249 36 35
new_pics/tommy_pics/1414787897971.png 1 310 236 42 37
new_pics/tommy_pics/1414787898163.png 1 320 236 47 37
new_pics/tommy_pics/1414787898435.png 1 342 237 42 37
new_pics/tommy_pics/1414787898651.png 1 364 250 40 33
new_pics/tommy_pics/1414787898835.png 2 62 241 21 22 373 252 54 39
new_pics/tommy_pics/1414787915547.png 2 537 240 17 14 535 269 58 67
new_pics/tommy_pics/1414787915667.png 2 555 241 15 15 559 275 57 69
new_pics/tommy_pics/1414787915827.png 2 572 248 19 12 582 274 59 71
new_pics/tommy_pics/1414787916003.png 2 89 229 18 16 601 243 27 19
new_pics/tommy_pics/1414787916131.png 3 106 228 13 16 617 242 19 15 424 227 12 10
new_pics/tommy_pics/1414787917227.png 2 124 278 90 80 173 232 39 37
new_pics/tommy_pics/1414787917395.png 2 108 280 101 80 162 239 38 29
new_pics/tommy_pics/1414787917547.png 2 99 284 90 70 154 239 41 26
new_pics/tommy_pics/1414787917699.png 2 78 281 82 84 142 238 32 31
new_pics/tommy_pics/1414787919219.png 1 106 271 35 27
new_pics/tommy_pics/1414787919395.png 2 495 245 9 13 79 270 26 30
new_pics/tommy_pics/1414787919947.png 2 462 241 12 13 614 257 14 19
new_pics/tommy_pics/1414787920147.png 2 586 255 18 19 436 239 20 14
new_pics/tommy_pics/1414787920315.png 2 425 241 10 10 460 226 8 10
new_pics/tommy_pics/1414787920491.png 2 541 254 19 19 550 242 8 10
new_pics/tommy_pics/1414787922443.png 2 151 220 11 9 520 243 22 24
new_pics/tommy_pics/1414787922651.png 2 194 216 13 12 37 220 13 11
new_pics/tommy_pics/1414787922835.png 2 245 209 9 15 80 215 14 13
new_pics/tommy_pics/1414787923011.png 2 267 212 13 13 -78 225 430 323
new_pics/tommy_pics/1414787925781.png 2 155 232 28 29 190 268 34 31
new_pics/tommy_pics/1414787925939.png 3 98 240 30 31 126 274 25 31 22 388 77 72
new_pics/tommy_pics/1414787926099.png 2 64 244 26 34 84 281 35 29
new_pics/tommy_pics/1414787927483.png 3 136 286 33 29 141 248 8 19 466 243 10 12
new_pics/tommy_pics/1414787927699.png 2 292 235 12 16 101 235 13 11
new_pics/tommy_pics/1414787927923.png 4 117 280 35 33 86 223 9 15 276 232 16 13 447 233 15 12
new_pics/tommy_pics/1414787928155.png 2 418 233 15 18 247 231 17 12
new_pics/tommy_pics/1414787928411.png 3 210 235 16 16 385 242 10 15 365 257 15 19
new_pics/tommy_pics/1414787928643.png 2 356 243 16 13 24 295 35 24
new_pics/tommy_pics/1414787929067.png 2 358 229 9 8 18 291 56 36
new_pics/tommy_pics/1414787929387.png 2 73 290 51 42 229 215 15 14
new_pics/tommy_pics/1414787929595.png 3 142 293 43 45 283 214 9 13 460 209 14 14
new_pics/tommy_pics/1414787929819.png 2 319 212 19 15 187 300 73 40
new_pics/tommy_pics/1414787930027.png 3 120 213 11 13 208 301 50 46 508 219 18 20
new_pics/tommy_pics/1414787930259.png 2 121 219 13 19 213 329 66 44
new_pics/tommy_pics/1414787930476.png 3 494 255 12 18 94 228 23 17 204 351 71 55
new_pics/tommy_pics/1414787930659.png 2 461 256 7 10 269 239 23 18
new_pics/tommy_pics/1414787930843.png 2 36 221 15 15 254 232 20 20
new_pics/tommy_pics/1414787931795.png 2 401 285 29 31 520 239 16 15
new_pics/tommy_pics/1414787932011.png 2 443 283 40 31 565 235 21 18
new_pics/tommy_pics/1414787932203.png 2 505 291 36 32 571 250 10 10
new_pics/tommy_pics/1414787932371.png 2 534 300 38 26 595 253 16 10
new_pics/tommy_pics/1414787936411.png 1 272 284 45 35
new_pics/tommy_pics/1414788193451.png 2 82 275 69 69 454 258 41 45
new_pics/tommy_pics/1414788193651.png 3 82 282 71 64 465 259 40 54 108 353 55 56
new_pics/tommy_pics/1414788193844.png 3 93 276 73 89 514 283 5 22 114 354 62 55
new_pics/tommy_pics/1414788194403.png 3 168 282 86 88 167 362 72 73 597 265 31 49
new_pics/tommy_pics/1414788195779.png 1 156 276 43 58
new_pics/tommy_pics/1414788196459.png 1 227 254 41 65
new_pics/tommy_pics/1414788196676.png 1 237 248 50 86
new_pics/tommy_pics/1414788196891.png 1 -48 263 267 264
new_pics/tommy_pics/1414788197107.png 1 216 275 56 59
new_pics/tommy_pics/1414788197347.png 1 202 283 64 73
new_pics/tommy_pics/1414788197539.png 1 190 296 73 64
new_pics/tommy_pics/1414788197739.png 1 197 278 65 74
new_pics/tommy_pics/1414788198132.png 1 182 271 63 86
new_pics/tommy_pics/1414788198363.png 1 200 284 64 67
new_pics/tommy_pics/1414788198547.png 1 49 295 194 242
new_pics/tommy_pics/1414788198747.png 1 355 397 42 17
new_pics/tommy_pics/1414788207499.png 1 388 244 44 44
new_pics/tommy_pics/1414788207763.png 1 410 255 39 42
new_pics/tommy_pics/1414788207971.png 1 412 258 29 38
new_pics/tommy_pics/1414788208171.png 1 384 254 44 40
new_pics/tommy_pics/1414788208372.png 1 351 248 50 38
new_pics/tommy_pics/1414788208587.png 1 329 240 45 40
new_pics/tommy_pics/1414788208803.png 2 281 234 55 48 570 259 50 37
new_pics/tommy_pics/1414788209011.png 2 230 241 38 44 529 260 43 46
new_pics/tommy_pics/1414788209235.png 3 188 249 30 47 28 254 451 275 587 262 20 21
new_pics/tommy_pics/1414788209467.png 3 148 255 32 30 439 260 31 31 548 265 18 17
new_pics/tommy_pics/1414788209667.png 3 131 250 36 42 425 251 31 47 529 265 15 17
new_pics/tommy_pics/1414788209883.png 3 99 245 24 33 383 247 46 52 488 258 19 22
new_pics/tommy_pics/1414788210083.png 3 73 231 28 35 351 247 51 39 462 261 17 18
new_pics/tommy_pics/1414788211731.png 3 156 263 34 31 438 258 36 44 541 266 25 23
new_pics/tommy_pics/1414788211987.png 3 130 261 31 35 409 259 41 47 519 274 18 19
new_pics/tommy_pics/1414788219739.png 2 132 242 33 49 203 241 39 35
new_pics/tommy_pics/1414788219939.png 2 119 272 43 47 192 267 38 41
new_pics/tommy_pics/1414788220155.png 2 108 276 43 55 181 273 35 37
new_pics/tommy_pics/1414788220355.png 2 96 262 1 2 165 260 42 42
new_pics/tommy_pics/1414788220563.png 2 96 264 38 50 164 260 58 42
new_pics/tommy_pics/1414788220755.png 2 92 257 42 58 162 254 42 42
new_pics/tommy_pics/1414788220979.png 3 27 235 15 16 106 258 44 47 179 252 29 33
new_pics/tommy_pics/1414788221211.png 2 142 257 54 49 217 252 42 32
new_pics/tommy_pics/1414788221411.png 2 175 266 53 49 251 265 38 48
new_pics/tommy_pics/1414788221619.png 2 259 281 54 60 336 278 38 47
new_pics/tommy_pics/1414788221771.png 2 309 279 62 63 385 282 51 42
new_pics/tommy_pics/1414788222899.png 3 567 253 16 14 200 297 38 38 124 287 28 28
new_pics/tommy_pics/1414788223083.png 3 116 257 20 33 184 279 38 41 553 245 22 20
new_pics/tommy_pics/1414788223283.png 2 549 242 24 17 178 273 35 51
new_pics/tommy_pics/1414788225619.png 2 352 242 63 65 139 227 17 13
new_pics/tommy_pics/1414788225811.png 2 99 243 14 12 306 261 67 68
new_pics/tommy_pics/1414788225955.png 2 287 276 57 56 72 246 18 17
new_pics/tommy_pics/1414788624731.png 4 110 251 55 58 198 234 18 14 585 276 34 59 506 265 19 20
new_pics/tommy_pics/1414788626419.png 1 155 273 64 66
new_pics/tommy_pics/1414788626651.png 1 158 269 63 62
new_pics/tommy_pics/1414788626867.png 1 169 273 65 56
new_pics/tommy_pics/1414788627227.png 1 173 274 63 58
new_pics/tommy_pics/1414788627451.png 1 181 279 71 53
new_pics/tommy_pics/1414788628204.png 2 225 283 127 133 203 238 30 31
new_pics/tommy_pics/1414788628403.png 2 94 292 134 127 106 244 28 21
new_pics/tommy_pics/1414788628587.png 3 28 308 115 126 606 286 29 57 51 247 26 37
new_pics/tommy_pics/1414788628956.png 2 191 256 22 32 474 289 68 67
new_pics/tommy_pics/1414788629155.png 1 281 281 75 70
new_pics/tommy_pics/1414788631676.png 1 247 278 111 93
new_pics/tommy_pics/1414788631843.png 2 55 254 17 33 307 310 117 102
new_pics/tommy_pics/1414788632740.png 2 66 251 15 20 311 302 120 121
new_pics/tommy_pics/1414788637099.png 1 331 201 36 134
new_pics/tommy_pics/1414788637291.png 1 427 215 41 127
new_pics/tommy_pics/1414788665844.png 2 177 161 41 137 428 245 24 19
new_pics/tommy_pics/1414788666579.png 3 47 178 20 77 207 170 52 129 161 224 17 16
new_pics/tommy_pics/1414788667883.png 2 120 247 26 35 4 245 15 13
new_pics/tommy_pics/1414788670243.png 2 248 182 21 82 437 177 37 131
new_pics/tommy_pics/1414788670507.png 3 259 186 22 76 447 177 44 130 360 232 21 17
new_pics/tommy_pics/1414788670731.png 3 269 191 24 75 373 237 20 18 461 176 34 133
new_pics/tommy_pics/1414788671052.png 4 285 194 15 69 387 234 20 20 471 177 41 131 525 242 16 21
new_pics/tommy_pics/1414788671459.png 4 303 191 26 85 399 235 20 20 487 178 42 131 540 244 25 20
new_pics/tommy_pics/1414788678931.png 4 190 191 29 113 361 250 23 23 520 261 29 25 79 237 19 22
new_pics/tommy_pics/1414788757900.png 2 238 179 68 139 17 189 42 101
new_pics/tommy_pics/1414788758108.png 2 331 176 45 148 97 181 39 100
new_pics/tommy_pics/1414788758324.png 2 96 178 35 94 323 172 82 157
new_pics/tommy_pics/1414788758508.png 2 371 166 49 144 128 166 42 96
new_pics/tommy_pics/1414788758908.png 2 117 170 24 109 350 176 53 146
new_pics/tommy_pics/1414788759124.png 2 100 196 22 83 334 179 59 155
new_pics/tommy_pics/1414788815548.png 2 69 248 19 13 296 297 65 49
new_pics/tommy_pics/1414788815708.png 2 68 245 27 23 294 298 63 50
new_pics/tommy_pics/1414788815868.png 2 464 319 65 63 141 248 26 20
new_pics/tommy_pics/1414788819140.png 2 301 273 48 44 118 231 11 14
new_pics/tommy_pics/1414788819366.png 2 351 296 51 49 103 230 20 27
new_pics/tommy_pics/1414788819580.png 2 343 296 57 58 103 237 21 19
new_pics/tommy_pics/1414788821412.png 2 273 269 44 45 323 227 11 15
new_pics/tommy_pics/1414788828612.png 2 106 226 21 19 188 249 23 29
new_pics/tommy_pics/1414788828924.png 2 87 226 17 18 168 253 28 24
new_pics/tommy_pics/1414788829176.png 2 86 227 20 19 169 252 29 27
new_pics/tommy_pics/1414788830148.png 2 330 274 43 41 10 235 18 20
new_pics/tommy_pics/1414788830372.png 2 296 285 41 35 259 257 24 28
new_pics/tommy_pics/1414788831020.png 1 11 238 26 24
new_pics/tommy_pics/1414788831500.png 1 13 236 19 25
new_pics/tommy_pics/1414788832656.png 2 80 223 30 29 265 288 53 49
new_pics/tommy_pics/1414788832860.png 2 86 226 18 23 267 290 50 43
new_pics/tommy_pics/1414788833036.png 2 69 228 23 23 266 306 59 49
new_pics/tommy_pics/1414788835276.png 2 218 242 46 37 408 244 31 25
new_pics/tommy_pics/1414788835500.png 2 192 243 29 40 377 242 36 29
new_pics/tommy_pics/1414788835708.png 2 171 246 39 37 371 242 29 34
new_pics/tommy_pics/1414788835924.png 2 173 246 37 39 369 243 36 32
new_pics/tommy_pics/1414788836332.png 2 187 253 43 44 398 247 28 28
new_pics/tommy_pics/1414788836540.png 2 189 250 41 39 393 245 35 34
new_pics/tommy_pics/1414788837884.png 1 102 255 41 31
new_pics/tommy_pics/1414788838124.png 1 106 255 36 38
new_pics/tommy_pics/1414788838356.png 1 123 240 54 54
new_pics/tommy_pics/1414788838588.png 1 122 243 52 50
new_pics/tommy_pics/1414788839836.png 2 20 242 40 43 485 237 50 73
new_pics/tommy_pics/1414788841692.png 1 257 262 75 69
new_pics/tommy_pics/1414788841836.png 1 404 283 89 91
new_pics/tommy_pics/1414788854868.png 1 441 261 58 71
new_pics/tommy_pics/1414788855804.png 1 499 238 36 49
new_pics/tommy_pics/1414788856020.png 1 466 246 38 44
new_pics/tommy_pics/1414788856228.png 1 437 245 53 47
new_pics/tommy_pics/1414788856668.png 2 162 255 68 54 392 241 59 58
new_pics/tommy_pics/1414788856884.png 2 173 258 50 49 390 242 52 43
new_pics/tommy_pics/1414788857692.png 2 317 246 42 32 584 237 12 18
new_pics/tommy_pics/1414788857876.png 3 304 241 50 39 497 236 23 19 574 233 16 16
new_pics/tommy_pics/1414788910300.png 1 542 136 69 172
new_pics/tommy_pics/1414788912644.png 2 311 158 84 198 460 208 33 92