pics/1404934388167.png 1 482 199 33 75
pics/1404934414191.png 1 342 174 64 123
pics/1404934703887.png 1 354 191 24 63
pics/1404934706671.png 1 62 184 25 67
pics/1404934716679.png 2 262 206 13 30 387 210 17 33
pics/1404934917167.png 2 317 229 7 25 392 233 10 24
pics/1404934921904.png 2 38 207 9 34 394 222 9 28
pics/1404934926920.png 2 417 225 12 40 515 230 12 34
pics/1404934935456.png 1 143 182 37 113
pics/1404934939176.png 1 178 164 51 164
pics/1404934954384.png 1 309 219 16 35
pics/1404934959264.png 1 526 230 15 40
pics/1404934962775.png 2 289 231 16 44 414 236 19 46
pics/1404934967496.png 1 147 212 14 52
pics/1404934972056.png 2 6 188 40 85 259 197 25 74
pics/1404934975472.png 1 84 182 48 112
pics/1404934981968.png 1 313 171 67 159
pics/1404934992888.png 1 266 167 79 181
pics/1404934995599.png 2 7 157 77 200 528 194 45 134
pics/1404934998528.png 2 5 144 68 229 565 191 50 146
pics/1404935001048.png 1 531 183 61 156
pics/1404935003799.png 1 365 181 65 171
pics/1404935007279.png 1 517 154 94 227
pics/1404935900353.png 1 389 155 34 117
pics/1404935950641.png 1 256 141 41 136
pics/1404936152084.png 1 401 107 65 213
pics/1404936330740.png 1 67 153 32 116
pics/1404936344412.png 1 108 146 36 124
pics/1404936381884.png 1 314 153 27 81
pics/1404936385316.png 1 131 151 38 112
pics/1404936388955.png 1 522 140 44 159
pics/1413757143224.png 2 28 204 15 56 159 208 15 54
pics/1413757422256.png 2 30 203 17 62 176 208 15 56
pics/1413757434368.png 2 37 193 24 87 232 202 19 75
pics/1413757448464.png 1 387 166 48 164
pics/1413757499128.png 1 498 181 46 137
pics/1413757503488.png 1 307 169 48 161
