pics/1414788612612.png 1 348 182 53 108
pics/1414788612804.png 1 351 186 45 105
pics/1414788612939.png 1 347 183 52 105
pics/1414788613155.png 1 345 177 50 113
pics/1414788613323.png 1 337 175 54 115
pics/1414788614172.png 1 178 181 56 115
pics/1414788614395.png 1 248 184 49 112
pics/1414788614635.png 1 264 188 50 120
pics/1414788615069.png 1 318 189 58 124
pics/1414788615275.png 1 313 188 61 128
pics/1414788615475.png 1 292 189 61 130
pics/1414788615643.png 1 272 189 56 125
pics/1414788616563.png 1 200 165 67 153
pics/1414788616780.png 1 191 161 72 158
pics/1414788616979.png 1 179 154 75 162
pics/1414788617179.png 1 175 143 79 171
pics/1414788617355.png 1 168 139 79 180
pics/1414788617531.png 1 153 134 82 182
pics/1414788618267.png 1 194 154 83 179
pics/1414788618491.png 1 222 150 86 180
pics/1414788618675.png 1 224 156 83 185
pics/1414788618859.png 1 217 165 92 195
pics/1414788619043.png 1 210 167 91 196
pics/1414788619212.png 1 212 160 91 201
pics/1414788622299.png 1 374 102 151 334
pics/1414788622483.png 1 400 101 155 357
pics/1414788622683.png 1 432 100 157 373
pics/1414788622892.png 1 429 95 158 383
pics/1414788623073.png 1 435 80 171 397
pics/1414788623219.png 1 439 74 164 401
pics/1414788909660.png 2 331 139 71 156 531 166 44 97
