pics/1414788637099.png 1 331 201 36 134
pics/1414788637291.png 1 427 215 41 127
pics/1414788665844.png 1 177 161 41 137
pics/1414788666579.png 2 47 178 20 77 207 170 52 129
pics/1414788670243.png 2 248 182 21 82 437 177 37 131
pics/1414788670507.png 2 259 186 22 76 447 177 44 130
pics/1414788670731.png 2 269 191 24 75 461 176 34 133
pics/1414788671052.png 2 285 194 15 69 471 177 41 131
pics/1414788671459.png 2 303 191 26 85 487 178 42 131
pics/1414788678931.png 1 190 191 29 113
pics/1414788757900.png 2 238 179 68 139 17 189 42 101
pics/1414788758108.png 2 331 176 45 148 97 181 39 100
pics/1414788758324.png 2 96 178 35 94 323 172 82 157
pics/1414788758508.png 2 371 166 49 144 128 166 42 96
pics/1414788758908.png 2 117 170 24 109 350 176 53 146
pics/1414788759124.png 2 100 196 22 83 334 179 59 155
pics/1414788910300.png 1 542 136 69 172
pics/1414788912644.png 2 311 158 84 198 460 208 33 92
