pics/1414197554503.png 2 330 155 102 210 537 196 36 108
pics/1414197555039.png 2 287 154 92 184 508 192 36 108
pics/1414197555519.png 2 242 168 86 166 471 199 41 97
pics/1414197556015.png 2 241 167 75 150 464 199 41 93
pics/1414197556487.png 2 222 177 64 130 445 199 38 91
pics/1414197556895.png 2 228 174 64 130 444 197 48 85
pics/1414197557343.png 2 261 188 58 120 479 212 25 80
pics/1414197557783.png 2 277 190 58 111 489 209 33 81
pics/1414197558247.png 2 278 191 49 117 481 208 30 73
pics/1414197558687.png 2 229 186 42 99 430 202 33 73
pics/1414197559135.png 2 179 184 43 94 384 196 29 73
pics/1414197559559.png 2 125 186 42 94 320 199 36 75
pics/1414197559935.png 2 100 192 47 86 293 200 37 74
pics/1414197560263.png 2 86 191 44 86 280 204 33 70
pics/1414197560607.png 2 77 185 37 91 271 199 25 69
pics/1414197560951.png 2 75 198 35 80 249 206 35 64
pics/1414197561311.png 2 74 196 36 76 253 200 27 74
pics/1414197561679.png 2 80 193 26 75 253 209 21 60
pics/1414197562023.png 2 88 197 39 79 259 210 24 61
pics/1414197562606.png 2 91 196 25 72 252 203 23 60
pics/1414197562967.png 2 89 200 30 67 247 209 25 60
pics/1414197563399.png 2 91 203 27 60 249 210 18 49
pics/1414197563919.png 2 93 202 30 61 242 210 24 57
pics/1414197564423.png 2 88 202 36 52 241 208 24 66
pics/1414197564887.png 2 95 205 26 57 236 209 21 48
pics/1414197565415.png 2 89 205 24 55 230 215 25 37
pics/1414197565887.png 2 82 208 25 55 213 208 31 52
pics/1414197566439.png 2 65 204 29 52 188 208 35 52
pics/1414197568575.png 2 63 205 10 49 174 211 19 39
pics/1414197571575.png 2 110 118 101 241 558 192 41 128
pics/1414197572175.png 2 12 126 113 221 464 179 52 138
pics/1414197573287.png 2 278 182 32 117 523 211 23 67
pics/1414197573815.png 2 254 191 25 99 501 210 17 62
pics/1414197574279.png 2 277 202 37 103 523 219 16 55
pics/1414197575423.png 2 155 193 56 112 463 221 30 82
pics/1414197575968.png 2 231 192 61 92 535 209 20 79
pics/1414197576527.png 2 218 182 55 91 509 200 25 80
pics/1414197577136.png 2 160 193 54 95 438 205 27 81
pics/1414197577991.png 3 55 193 48 86 314 198 24 79 568 209 20 55
pics/1414197578815.png 3 23 196 37 78 263 208 24 62 515 218 16 45
pics/1414197579879.png 3 26 197 47 69 249 208 20 69 495 222 17 48
