pics/1404934388167.png 1 482 199 33 75
pics/1404934414191.png 1 342 174 64 123
pics/1404934703887.png 1 354 191 24 63
pics/1404934706671.png 1 62 184 25 67
pics/1404934716679.png 2 262 206 13 30 387 210 17 33
pics/1404934917167.png 2 317 229 7 25 392 233 10 24
pics/1404934921904.png 2 38 207 9 34 394 222 9 28
pics/1404934926920.png 2 417 225 12 40 515 230 12 34
pics/1404934935456.png 1 143 182 37 113
pics/1404934939176.png 1 178 164 51 164
pics/1404934954384.png 1 309 219 16 35
pics/1404934959264.png 1 526 230 15 40
pics/1404934962775.png 2 289 231 16 44 414 236 19 46
pics/1404934967496.png 1 147 212 14 52
pics/1404934972056.png 2 6 188 40 85 259 197 25 74
pics/1404934975472.png 1 84 182 48 112
pics/1404934981968.png 1 313 171 67 159
pics/1404934992888.png 1 266 167 79 181
pics/1404934995599.png 2 7 157 77 200 528 194 45 134
pics/1404934998528.png 2 5 144 68 229 565 191 50 146
pics/1404935001048.png 1 531 183 61 156
pics/1404935003799.png 1 365 181 65 171
pics/1404935007279.png 1 517 154 94 227
pics/1404935900353.png 1 389 155 34 117
pics/1404935950641.png 1 256 141 41 136
pics/1404936152084.png 1 401 107 65 213
pics/1404936330740.png 1 67 153 32 116
pics/1404936344412.png 1 108 146 36 124
pics/1404936381884.png 1 314 153 27 81
pics/1404936385316.png 1 131 151 38 112
pics/1404936388955.png 1 522 140 44 159
pics/1413757143224.png 2 28 204 15 56 159 208 15 54
pics/1413757422256.png 2 30 203 17 62 176 208 15 56
pics/1413757434368.png 2 37 193 24 87 232 202 19 75
pics/1413757448464.png 1 387 166 48 164
pics/1413757499128.png 1 498 181 46 137
pics/1413757503488.png 1 307 169 48 161
pics/1404934388167.png 1 478 213 33 60
pics/1404934414191.png 1 349 183 49 111
pics/1404934697527.png 2 388 217 13 34 498 216 17 43
pics/1404934703887.png 2 201 182 15 40 359 187 18 61
pics/1404934706671.png 1 66 182 21 72
pics/1404934716679.png 2 261 201 15 39 389 208 14 35
pics/1404934917167.png 2 315 226 12 30 393 229 10 30
pics/1404934921904.png 2 393 216 13 35 38 202 11 41
pics/1404934926920.png 2 418 227 12 38 515 230 12 33
pics/1404934935456.png 1 143 182 42 120
pics/1404934939176.png 1 182 163 54 169
pics/1404934954384.png 1 311 217 14 38
pics/1404934959264.png 1 527 230 16 35
pics/1404934962775.png 2 290 230 14 47 416 237 17 43
pics/1404934967496.png 1 148 210 15 53
pics/1404934972056.png 2 13 191 29 81 258 196 27 78
pics/1404934975472.png 2 83 185 48 113 392 200 29 86
pics/1404934981968.png 1 335 170 43 167
pics/1404934992888.png 1 297 172 48 181
pics/1404934995599.png 2 19 160 65 198 537 193 36 130
pics/1404934998528.png 2 5 168 72 219 576 187 38 152
pics/1404935001048.png 1 547 185 39 158
pics/1404935003799.png 1 381 179 52 174
pics/1404935007279.png 1 545 155 68 242
pics/1404935893617.png 2 376 195 14 39 505 197 11 41
pics/1404935900353.png 1 395 156 37 114
pics/1404935950641.png 1 265 140 36 141
pics/1404936152084.png 1 410 109 63 224
pics/1404936330740.png 1 63 152 37 125
pics/1404936344412.png 1 110 145 38 128
pics/1404936381884.png 1 315 153 30 86
pics/1404936385316.png 1 135 151 33 120
pics/1404936388955.png 1 526 143 52 176
pics/1413757143224.png 4 27 203 17 51 157 208 17 51 400 216 10 42 498 219 14 38
pics/1413757422256.png 4 28 202 20 59 174 207 17 56 430 214 13 48 527 216 14 41
pics/1413757434368.png 4 36 194 27 79 231 200 21 74 526 213 19 58 612 220 18 50
pics/1413757448464.png 1 384 165 59 157
pics/1413757499128.png 1 497 183 49 130
pics/1413757503488.png 1 309 171 54 157
pics/1413757757665.png 2 276 157 75 186 495 189 33 110
pics/1413757757665.png 2 281 166 73 173 491 193 36 101
pics/1414197318191.png 4 213 202 22 70 35 196 24 73 501 213 16 57 592 217 15 47
pics/1414197319311.png 4 35 193 26 79 232 201 18 74 526 215 15 55 616 221 14 45
pics/1414197319999.png 3 37 189 30 85 243 198 21 78 546 212 17 59
pics/1414197320527.png 3 14 190 28 90 227 201 23 80 537 219 16 60
pics/1414197321087.png 2 210 201 24 81 527 213 16 69
pics/1414197321919.png 3 22 173 38 105 265 181 27 92 588 198 16 65
pics/1414197322671.png 2 102 186 36 110 363 196 24 96
pics/1414197323367.png 2 46 162 39 116 318 178 26 97
pics/1414197324303.png 2 112 194 26 105 456 213 15 65
pics/1414197324912.png 2 129 183 25 111 477 205 12 67
pics/1414197325543.png 2 117 199 27 113 469 219 16 66
pics/1414197325984.png 2 115 182 28 117 469 204 16 70
pics/1414197326455.png 3 116 188 38 125 481 217 21 74 548 225 16 55
pics/1414197327655.png 1 300 146 54 187
pics/1414197328151.png 1 263 131 63 215
pics/1414197328599.png 1 224 122 78 236
pics/1414197328952.png 1 209 115 94 250
pics/1414197329960.png 1 276 153 58 212
pics/1414197330319.png 1 296 143 60 224
pics/1414197330703.png 1 332 138 71 245
pics/1414197331081.png 1 380 136 68 260
pics/1414197331455.png 1 489 125 77 294
pics/1414197331807.png 1 582 110 60 306
pics/1414197340432.png 1 549 212 20 61
pics/1414197342159.png 1 156 200 17 67
pics/1414197344783.png 1 196 194 19 74
pics/1414197345415.png 1 199 195 20 77
pics/1414197346319.png 1 212 196 20 84
pics/1414197347063.png 1 177 205 24 84
pics/1414197347695.png 1 207 178 20 93
pics/1414197348111.png 1 214 202 25 95
pics/1414197348535.png 1 221 183 29 99
pics/1414197349607.png 1 512 169 39 119
pics/1414197349983.png 1 506 178 45 125
pics/1414197350335.png 1 508 184 51 136
pics/1414197350688.png 1 488 163 54 138
pics/1414197350967.png 1 471 166 55 146
pics/1414197351215.png 1 481 169 60 150
pics/1414197352295.png 1 319 174 42 150
pics/1414197352591.png 1 317 169 49 157
pics/1414197352919.png 1 310 169 47 164
pics/1414197353247.png 1 330 157 46 171
pics/1414197353487.png 1 330 154 58 177
pics/1414197354159.png 1 260 118 100 262
pics/1414197354543.png 1 219 99 92 301
pics/1414197354863.png 1 187 91 103 330
pics/1414197355103.png 1 152 82 110 350
pics/1414788612612.png 1 348 182 53 108
pics/1414788612804.png 1 351 186 45 105
pics/1414788612939.png 1 347 183 52 105
pics/1414788613155.png 1 345 177 50 113
pics/1414788613323.png 1 337 175 54 115
pics/1414788614172.png 1 178 181 56 115
pics/1414788614395.png 1 248 184 49 112
pics/1414788614635.png 1 264 188 50 120
pics/1414788615069.png 1 318 189 58 124
pics/1414788615275.png 1 313 188 61 128
pics/1414788615475.png 1 292 189 61 130
pics/1414788615643.png 1 272 189 56 125
pics/1414788616563.png 1 200 165 67 153
pics/1414788616780.png 1 191 161 72 158
pics/1414788616979.png 1 179 154 75 162
pics/1414788617179.png 1 175 143 79 171
pics/1414788617355.png 1 168 139 79 180
pics/1414788617531.png 1 153 134 82 182
pics/1414788618267.png 1 194 154 83 179
pics/1414788618491.png 1 222 150 86 180
pics/1414788618675.png 1 224 156 83 185
pics/1414788618859.png 1 217 165 92 195
pics/1414788619043.png 1 210 167 91 196
pics/1414788619212.png 1 212 160 91 201
pics/1414788622299.png 1 374 102 151 334
pics/1414788622483.png 1 400 101 155 357
pics/1414788622683.png 1 432 100 157 373
pics/1414788622892.png 1 429 95 158 383
pics/1414788623073.png 1 435 80 171 397
pics/1414788623219.png 1 439 74 164 401
pics/1414788909660.png 2 331 139 71 156 531 166 44 97
pics/1414197554503.png 2 330 155 102 210 537 196 36 108
pics/1414197555039.png 2 287 154 92 184 508 192 36 108
pics/1414197555519.png 2 242 168 86 166 471 199 41 97
pics/1414197556015.png 2 241 167 75 150 464 199 41 93
pics/1414197556487.png 2 222 177 64 130 445 199 38 91
pics/1414197556895.png 2 228 174 64 130 444 197 48 85
pics/1414197557343.png 2 261 188 58 120 479 212 25 80
pics/1414197557783.png 2 277 190 58 111 489 209 33 81
pics/1414197558247.png 2 278 191 49 117 481 208 30 73
pics/1414197558687.png 2 229 186 42 99 430 202 33 73
pics/1414197559135.png 2 179 184 43 94 384 196 29 73
pics/1414197559559.png 2 125 186 42 94 320 199 36 75
pics/1414197559935.png 2 100 192 47 86 293 200 37 74
pics/1414197560263.png 2 86 191 44 86 280 204 33 70
pics/1414197560607.png 2 77 185 37 91 271 199 25 69
pics/1414197560951.png 2 75 198 35 80 249 206 35 64
pics/1414197561311.png 2 74 196 36 76 253 200 27 74
pics/1414197561679.png 2 80 193 26 75 253 209 21 60
pics/1414197562023.png 2 88 197 39 79 259 210 24 61
pics/1414197562606.png 2 91 196 25 72 252 203 23 60
pics/1414197562967.png 2 89 200 30 67 247 209 25 60
pics/1414197563399.png 2 91 203 27 60 249 210 18 49
pics/1414197563919.png 2 93 202 30 61 242 210 24 57
pics/1414197564423.png 2 88 202 36 52 241 208 24 66
pics/1414197564887.png 2 95 205 26 57 236 209 21 48
pics/1414197565415.png 2 89 205 24 55 230 215 25 37
pics/1414197565887.png 2 82 208 25 55 213 208 31 52
pics/1414197566439.png 2 65 204 29 52 188 208 35 52
pics/1414197568575.png 2 63 205 10 49 174 211 19 39
pics/1414197571575.png 2 110 118 101 241 558 192 41 128
pics/1414197572175.png 2 12 126 113 221 464 179 52 138
pics/1414197573287.png 2 278 182 32 117 523 211 23 67
pics/1414197573815.png 2 254 191 25 99 501 210 17 62
pics/1414197574279.png 2 277 202 37 103 523 219 16 55
pics/1414197575423.png 2 155 193 56 112 463 221 30 82
pics/1414197575968.png 2 231 192 61 92 535 209 20 79
pics/1414197576527.png 2 218 182 55 91 509 200 25 80
pics/1414197577136.png 2 160 193 54 95 438 205 27 81
pics/1414197577991.png 3 55 193 48 86 314 198 24 79 568 209 20 55
pics/1414197578815.png 3 23 196 37 78 263 208 24 62 515 218 16 45
pics/1414197579879.png 3 26 197 47 69 249 208 20 69 495 222 17 48
pics/1414788637099.png 1 331 201 36 134
pics/1414788637291.png 1 427 215 41 127
pics/1414788665844.png 1 177 161 41 137
pics/1414788666579.png 2 47 178 20 77 207 170 52 129
pics/1414788670243.png 2 248 182 21 82 437 177 37 131
pics/1414788670507.png 2 259 186 22 76 447 177 44 130
pics/1414788670731.png 2 269 191 24 75 461 176 34 133
pics/1414788671052.png 2 285 194 15 69 471 177 41 131
pics/1414788671459.png 2 303 191 26 85 487 178 42 131
pics/1414788678931.png 1 190 191 29 113
pics/1414788757900.png 2 238 179 68 139 17 189 42 101
pics/1414788758108.png 2 331 176 45 148 97 181 39 100
pics/1414788758324.png 2 96 178 35 94 323 172 82 157
pics/1414788758508.png 2 371 166 49 144 128 166 42 96
pics/1414788758908.png 2 117 170 24 109 350 176 53 146
pics/1414788759124.png 2 100 196 22 83 334 179 59 155
pics/1414788910300.png 1 542 136 69 172
pics/1414788912644.png 2 311 158 84 198 460 208 33 92
