pics/1413757757665.png 2 281 166 73 173 491 193 36 101
pics/1414197318191.png 4 213 202 22 70 35 196 24 73 501 213 16 57 592 217 15 47
pics/1414197319311.png 4 35 193 26 79 232 201 18 74 526 215 15 55 616 221 14 45
pics/1414197319999.png 3 37 189 30 85 243 198 21 78 546 212 17 59
pics/1414197320527.png 3 14 190 28 90 227 201 23 80 537 219 16 60
pics/1414197321087.png 2 210 201 24 81 527 213 16 69
pics/1414197321919.png 3 22 173 38 105 265 181 27 92 588 198 16 65
pics/1414197322671.png 2 102 186 36 110 363 196 24 96
pics/1414197323367.png 2 46 162 39 116 318 178 26 97
pics/1414197324303.png 2 112 194 26 105 456 213 15 65
pics/1414197324912.png 2 129 183 25 111 477 205 12 67
pics/1414197325543.png 2 117 199 27 113 469 219 16 66
pics/1414197325984.png 2 115 182 28 117 469 204 16 70
pics/1414197326455.png 3 116 188 38 125 481 217 21 74 548 225 16 55
pics/1414197327655.png 1 300 146 54 187
pics/1414197328151.png 1 263 131 63 215
pics/1414197328599.png 1 224 122 78 236
pics/1414197328952.png 1 209 115 94 250
pics/1414197329960.png 1 276 153 58 212
pics/1414197330319.png 1 296 143 60 224
pics/1414197330703.png 1 332 138 71 245
pics/1414197331081.png 1 380 136 68 260
pics/1414197331455.png 1 489 125 77 294
pics/1414197331807.png 1 582 110 60 306
pics/1414197340432.png 1 549 212 20 61
pics/1414197342159.png 1 156 200 17 67
pics/1414197344783.png 1 196 194 19 74
pics/1414197345415.png 1 199 195 20 77
pics/1414197346319.png 1 212 196 20 84
pics/1414197347063.png 1 177 205 24 84
pics/1414197347695.png 1 207 178 20 93
pics/1414197348111.png 1 214 202 25 95
pics/1414197348535.png 1 221 183 29 99
pics/1414197349607.png 1 512 169 39 119
pics/1414197349983.png 1 506 178 45 125
pics/1414197350335.png 1 508 184 51 136
pics/1414197350688.png 1 488 163 54 138
pics/1414197350967.png 1 471 166 55 146
pics/1414197351215.png 1 481 169 60 150
pics/1414197352295.png 1 319 174 42 150
pics/1414197352591.png 1 317 169 49 157
pics/1414197352919.png 1 310 169 47 164
pics/1414197353247.png 1 330 157 46 171
pics/1414197353487.png 1 330 154 58 177
pics/1414197354159.png 1 260 118 100 262
pics/1414197354543.png 1 219 99 92 301
pics/1414197354863.png 1 187 91 103 330
pics/1414197355103.png 1 152 82 110 350
