pics/1404934388167.png 1 478 213 33 60
pics/1404934414191.png 1 349 183 49 111
pics/1404934697527.png 2 388 217 13 34 498 216 17 43
pics/1404934703887.png 2 201 182 15 40 359 187 18 61
pics/1404934706671.png 1 66 182 21 72
pics/1404934716679.png 2 261 201 15 39 389 208 14 35
pics/1404934917167.png 2 315 226 12 30 393 229 10 30
pics/1404934921904.png 2 393 216 13 35 38 202 11 41
pics/1404934926920.png 2 418 227 12 38 515 230 12 33
pics/1404934935456.png 1 143 182 42 120
pics/1404934939176.png 1 182 163 54 169
pics/1404934954384.png 1 311 217 14 38
pics/1404934959264.png 1 527 230 16 35
pics/1404934962775.png 2 290 230 14 47 416 237 17 43
pics/1404934967496.png 1 148 210 15 53
pics/1404934972056.png 2 13 191 29 81 258 196 27 78
pics/1404934975472.png 2 83 185 48 113 392 200 29 86
pics/1404934981968.png 1 335 170 43 167
pics/1404934992888.png 1 297 172 48 181
pics/1404934995599.png 2 19 160 65 198 537 193 36 130
pics/1404934998528.png 2 5 168 72 219 576 187 38 152
pics/1404935001048.png 1 547 185 39 158
pics/1404935003799.png 1 381 179 52 174
pics/1404935007279.png 1 545 155 68 242
pics/1404935893617.png 2 376 195 14 39 505 197 11 41
pics/1404935900353.png 1 395 156 37 114
pics/1404935950641.png 1 265 140 36 141
pics/1404936152084.png 1 410 109 63 224
pics/1404936330740.png 1 63 152 37 125
pics/1404936344412.png 1 110 145 38 128
pics/1404936381884.png 1 315 153 30 86
pics/1404936385316.png 1 135 151 33 120
pics/1404936388955.png 1 526 143 52 176
pics/1413757143224.png 4 27 203 17 51 157 208 17 51 400 216 10 42 498 219 14 38
pics/1413757422256.png 4 28 202 20 59 174 207 17 56 430 214 13 48 527 216 14 41
pics/1413757434368.png 4 36 194 27 79 231 200 21 74 526 213 19 58 612 220 18 50
pics/1413757448464.png 1 384 165 59 157
pics/1413757499128.png 1 497 183 49 130
pics/1413757503488.png 1 309 171 54 157
pics/1413757757665.png 2 276 157 75 186 495 189 33 110
