pics/1404934414191.png 2 168 232 18 17 406 242 26 21
pics/1404934514327.png 2 299 253 42 40 572 256 22 21
pics/1404934518527.png 1 354 278 73 65
pics/1404934536463.png 1 136 237 32 37
pics/1404934625679.png 1 325 241 13 14
pics/1404934628815.png 1 167 223 6 4
pics/1404934635991.png 1 350 236 7 7
pics/1404934639463.png 1 381 249 15 11
pics/1404934643015.png 1 449 238 7 9
pics/1404934655343.png 1 539 231 9 9
pics/1404934663863.png 2 178 221 12 9 215 226 22 24
pics/1404934691791.png 3 136 268 30 27 509 265 17 21 471 247 12 16
pics/1404934697527.png 3 282 257 16 23 440 242 18 18 614 256 19 19
pics/1404934703887.png 2 455 254 46 59 184 227 30 42
pics/1404934706671.png 1 92 260 58 82
pics/1404934954384.png 1 245 239 9 9
pics/1404934959264.png 2 426 249 10 8 555 252 11 15
pics/1404934962775.png 2 181 253 11 12 321 258 11 19
pics/1404934967496.png 1 269 250 10 10
pics/1404934972056.png 1 62 237 19 20
pics/1404934975472.png 2 139 244 24 34 368 258 22 19
pics/1404934981968.png 2 139 250 24 35 427 258 31 34
pics/1404934989928.png 1 449 264 25 30
pics/1404934992888.png 2 98 251 25 30 411 264 36 37
pics/1404934995599.png 2 166 263 39 36 461 279 28 26
pics/1404934998528.png 2 166 262 41 41 477 277 30 26
pics/1404935001048.png 2 80 253 46 51 419 275 32 32
pics/1404935003799.png 1 235 280 36 33
pics/1404935007279.png 2 282 287 48 41 418 264 25 25
pics/1404935010031.png 2 465 302 53 40 565 270 25 24
pics/1404935012599.png 2 351 307 64 46 420 267 28 24
pics/1404935015615.png 2 508 265 30 29 498 318 71 66
pics/1404935128216.png 3 1 292 20 33 143 284 24 23 389 284 17 15
pics/1404935135024.png 1 467 279 16 17
pics/1404935144783.png 2 84 337 51 48 538 306 27 23
pics/1404935150623.png 2 110 277 19 21 318 283 18 19
pics/1404935167776.png 3 32 236 17 20 220 243 16 19 289 292 30 36
pics/1404935171488.png 2 65 243 21 22 504 386 75 84
pics/1404935174751.png 2 133 249 30 36 439 252 25 27
pics/1404935177959.png 1 338 272 42 44
pics/1404935180480.png 2 204 265 29 30 415 270 18 18
pics/1404935184807.png 1 309 263 27 25
pics/1404935188624.png 1 345 268 44 41
pics/1404935191928.png 1 503 282 65 61
pics/1404935329152.png 1 357 262 15 17
pics/1404935365960.png 1 17 252 14 15
pics/1404935372168.png 1 71 298 32 31
pics/1404935920184.png 1 586 252 53 69
pics/1404935942065.png 2 361 223 20 20 546 253 16 16
pics/1404936344412.png 1 185 216 18 20
pics/1404936352356.png 1 531 266 68 72
pics/1404936355580.png 2 199 278 102 91 601 268 39 39
pics/1404936378148.png 2 23 241 54 57 284 230 32 38
pics/1404936381884.png 1 504 257 96 95
pics/1413757548136.png 2 107 245 22 27 369 250 25 29
pics/1413757558920.png 1 505 254 40 46
pics/1413757567976.png 1 131 278 59 64
pics/1413757570688.png 1 197 293 114 108
pics/1413757580009.png 1 183 292 31 32
pics/1413757582680.png 1 237 310 40 40
pics/1413757585488.png 1 299 328 46 46
pics/1413757586816.png 1 356 348 59 53
pics/1413757600672.png 1 447 302 36 36
pics/1413757602288.png 1 609 308 29 28
pics/1413757605689.png 1 135 316 39 38
pics/1413757608592.png 1 223 346 65 59
pics/1413757614184.png 1 476 295 27 28
pics/1413757624144.png 1 395 281 30 35
pics/1413757630016.png 1 209 275 25 32
pics/1413757636336.png 2 226 265 15 21 327 315 45 49
pics/1413757638616.png 2 274 269 19 31 462 344 56 61
pics/1413757643824.png 1 417 292 29 35
pics/1413757648752.png 1 123 270 47 41
