pics/1414787636986.png 2 267 338 58 58 430 254 40 44
pics/1414787637731.png 1 205 259 53 56
pics/1414787764331.png 1 313 268 59 56
pics/1414787764531.png 1 340 269 59 58
pics/1414787765339.png 1 311 261 47 45
pics/1414787765523.png 1 283 263 54 50
pics/1414787765747.png 1 254 263 55 52
pics/1414787765955.png 1 243 265 52 55
pics/1414787766475.png 1 283 254 55 56
pics/1414787766708.png 1 332 249 59 58
pics/1414787766931.png 1 381 254 59 60
pics/1414787767243.png 1 411 261 63 64
pics/1414787767641.png 1 400 289 69 71
pics/1414787767907.png 1 363 294 67 70
pics/1414787768146.png 1 348 292 72 67
pics/1414787768387.png 1 379 283 74 76
pics/1414787768587.png 1 402 272 74 75
pics/1414787779259.png 1 289 254 25 23
pics/1414787779467.png 1 293 249 29 26
pics/1414787779684.png 1 280 248 28 26
pics/1414787779963.png 1 250 252 32 28
pics/1414787780227.png 1 216 256 32 27
pics/1414787780507.png 1 183 254 29 28
pics/1414787780774.png 1 130 263 31 28
pics/1414787781027.png 1 96 263 31 31
pics/1414787781267.png 1 67 259 26 26
pics/1414787784811.png 1 76 273 40 37
pics/1414787784955.png 1 59 273 38 39
pics/1414787799059.png 1 443 258 29 32
pics/1414787799307.png 1 473 264 27 29
pics/1414787799547.png 1 497 276 33 31
pics/1414787799771.png 1 537 285 27 31
pics/1414787800027.png 1 587 275 29 32
pics/1414787806763.png 1 418 268 34 32
pics/1414787807011.png 1 342 269 33 31
pics/1414787807227.png 1 264 265 36 32
pics/1414787807443.png 1 191 264 28 26
pics/1414787807619.png 1 151 261 31 31
pics/1414787813267.png 1 230 254 23 21
pics/1414787817355.png 1 368 322 52 50
pics/1414787817571.png 1 386 326 56 53
pics/1414787817787.png 1 386 332 64 60
pics/1414787817947.png 1 379 339 67 64
pics/1414787828739.png 1 249 335 50 53
pics/1414787828971.png 1 379 338 55 55
pics/1414787829171.png 1 446 339 55 58
pics/1414787830283.png 1 348 327 59 60
pics/1414787833539.png 1 419 268 25 27
pics/1414787833819.png 1 385 272 27 25
pics/1414787834363.png 1 352 273 27 26
pics/1414787834627.png 1 358 276 28 27
pics/1414787834891.png 1 376 280 28 28
pics/1414787835147.png 1 402 279 31 31
pics/1414787835347.png 1 430 274 29 29
pics/1414787835555.png 1 444 272 32 29
pics/1414787835779.png 1 477 275 32 33
pics/1414787835995.png 1 515 284 36 33
pics/1414787836155.png 1 538 286 34 37
pics/1414787838907.png 1 560 323 49 54
pics/1414787839131.png 1 541 323 55 56
pics/1414787839347.png 1 526 323 55 63
pics/1414787839555.png 1 509 327 56 64
pics/1414787839747.png 1 498 328 61 66
pics/1414787839947.png 1 484 327 60 67
pics/1414787840131.png 1 475 324 63 70
pics/1414787840315.png 1 457 323 59 69
pics/1414787840507.png 1 434 318 61 65
pics/1414787840675.png 1 426 319 61 65
pics/1414787840859.png 1 415 319 64 67
pics/1414787841043.png 1 399 321 60 64
pics/1414787841235.png 1 365 323 58 61
pics/1414787841451.png 1 337 319 58 64
pics/1414787841635.png 1 269 316 56 59
pics/1414787841795.png 1 232 314 54 55
pics/1414787854067.png 1 567 257 20 18
pics/1414787854427.png 1 552 257 25 25
pics/1414787854611.png 1 564 263 25 26
pics/1414787854795.png 1 573 262 26 27
pics/1414787855107.png 1 605 258 23 23
pics/1414787856771.png 1 586 269 31 31
pics/1414787857035.png 1 586 279 32 32
pics/1414787857283.png 1 606 279 29 31
pics/1414787861323.png 1 412 301 50 52
pics/1414787861491.png 1 472 299 54 53
pics/1414787879259.png 2 72 234 20 20 175 242 37 38
pics/1414787879595.png 3 186 247 43 42 87 237 23 21 5 256 21 17
pics/1414787879915.png 4 207 251 40 38 114 238 23 22 27 258 15 16 27 236 15 15
pics/1414787880171.png 3 219 251 38 39 131 240 20 20 32 256 21 20
pics/1414787880459.png 3 42 253 20 18 145 236 21 21 227 249 44 42
pics/1414787880723.png 2 233 247 44 43 152 232 23 23
pics/1414787881011.png 2 157 229 25 20 224 240 48 48
pics/1414787881291.png 1 210 242 50 48
pics/1414787881547.png 1 189 246 52 49
pics/1414787881747.png 2 158 246 54 52 123 227 22 23
pics/1414787881939.png 2 109 226 26 23 140 248 54 52
pics/1414787886539.png 1 264 246 49 48
pics/1414787886715.png 1 229 243 48 45
pics/1414787886891.png 3 161 245 49 49 378 235 26 21 504 236 18 18
pics/1414787887051.png 3 130 248 47 47 349 237 29 26 478 237 23 21
pics/1414787887235.png 3 98 251 49 47 455 237 22 22 325 236 28 26
pics/1414788144195.png 3 363 301 38 37 300 286 32 27 96 270 25 22
pics/1414788144435.png 3 330 290 40 38 67 267 20 21 270 276 31 28
pics/1414788144667.png 2 319 284 40 36 261 269 29 28
pics/1414788144867.png 2 287 281 44 39 232 263 32 32
pics/1414788145091.png 2 275 280 39 40 219 263 29 29
pics/1414788145291.png 2 240 279 39 39 188 263 28 29
pics/1414788145483.png 2 197 292 42 38 145 280 32 29
pics/1414788145675.png 2 184 301 43 39 132 288 31 27
pics/1414788146043.png 2 180 289 38 39 125 270 34 32
pics/1414788146267.png 2 151 245 31 29 204 263 38 38
pics/1414788146451.png 2 232 262 39 42 177 245 33 32
pics/1414788146651.png 2 246 274 42 39 195 257 28 28
pics/1414788146843.png 2 276 302 44 37 222 286 31 31
pics/1414788147084.png 2 309 332 42 38 250 314 33 32
pics/1414788147923.png 2 514 268 39 37 238 256 25 20
pics/1414788148091.png 2 529 243 39 38 251 252 23 17
pics/1414788148283.png 2 533 232 38 37 254 247 22 22
pics/1414788148491.png 2 521 218 42 40 242 236 22 20
pics/1414788148723.png 2 504 237 38 40 219 246 21 18
pics/1414788148939.png 2 194 274 22 21 481 279 38 38
pics/1414788149147.png 2 470 295 38 38 181 284 20 20
pics/1414788149459.png 2 446 280 37 42 153 270 22 21
pics/1414788149691.png 2 430 251 40 40 132 253 23 22
pics/1414788149899.png 2 427 241 36 38 121 253 21 22
pics/1414788150795.png 2 230 326 67 64 191 283 44 40
pics/1414788150939.png 2 216 295 45 45 251 339 71 65
pics/1414788151163.png 2 311 366 72 66 278 318 44 45
pics/1414788151355.png 2 346 375 74 67 314 326 47 44
pics/1414788151555.png 2 408 383 79 72 379 329 50 48
pics/1414788151731.png 2 430 380 80 74 406 324 48 47
pics/1414788151948.png 2 465 382 82 80 443 318 50 54
pics/1414788152139.png 2 478 389 88 83 459 322 55 54
pics/1414788152331.png 2 482 392 88 87 462 322 58 56
pics/1414788152547.png 1 455 321 56 56
pics/1414788152747.png 2 430 329 63 55 234 275 31 31
pics/1414788152939.png 2 399 337 63 56 206 283 29 28
pics/1414788153155.png 2 383 339 66 59 190 283 32 31
pics/1414788153379.png 3 351 341 67 60 164 279 32 29 491 280 27 27
pics/1414788153531.png 3 488 280 31 27 165 278 29 32 353 343 64 61
pics/1414788153755.png 3 307 334 67 66 131 264 26 28 468 273 21 23
pics/1414788153947.png 3 278 343 71 66 110 270 26 27 454 275 23 27
pics/1414788154163.png 3 253 356 69 71 91 278 31 33 443 281 26 28
pics/1414788154371.png 3 234 361 74 75 82 280 32 33 438 280 28 31
pics/1414788154539.png 3 206 370 76 75 70 284 28 28 432 280 28 28
pics/1414788154804.png 3 177 376 86 83 60 281 31 29 433 283 28 29
pics/1414788154995.png 3 159 383 83 87 59 278 32 29 439 285 34 31
pics/1414788155211.png 2 448 284 34 34 61 275 33 31
pics/1414788155811.png 2 58 296 37 33 476 285 36 36
pics/1414788156011.png 2 457 297 42 38 31 307 36 33
pics/1414788157755.png 1 299 308 60 52
pics/1414788157939.png 1 331 321 64 52
pics/1414788158155.png 1 390 344 65 58
pics/1414788158323.png 1 426 355 66 60
pics/1414788160027.png 1 39 290 39 38
pics/1414788160195.png 1 44 318 37 39
pics/1414788160395.png 2 31 329 36 36 548 274 31 28
pics/1414788160571.png 2 4 340 36 36 525 268 31 29
pics/1414788163619.png 1 400 301 40 33
pics/1414788163827.png 1 375 276 37 36
pics/1414788163971.png 1 354 269 38 37
pics/1414788164627.png 1 5 281 29 28
pics/1414788166076.png 2 165 294 43 39 383 269 28 28
pics/1414788166267.png 2 156 312 43 42 379 289 33 32
pics/1414788166451.png 2 140 312 47 45 374 295 32 31
pics/1414788166643.png 2 132 301 45 44 372 285 33 31
pics/1414788166811.png 2 124 273 50 48 378 263 33 33
pics/1414788167011.png 2 125 267 48 49 378 262 37 34
pics/1414788167195.png 2 130 283 48 45 397 278 31 29
pics/1414788167355.png 2 134 296 45 48 405 285 34 32
pics/1414788168051.png 1 152 276 43 43
pics/1414788168243.png 1 173 306 49 47
pics/1414788168459.png 1 184 310 49 45
pics/1414788168683.png 1 208 310 50 44
pics/1414788168899.png 1 239 302 52 52
pics/1414788169116.png 1 277 303 59 50
pics/1414788169331.png 1 315 299 54 55
pics/1414788169515.png 1 327 294 59 59
pics/1414788170331.png 2 55 319 55 55 491 305 49 52
pics/1414788170532.png 2 34 327 56 54 476 307 50 49
pics/1414788170740.png 1 444 313 50 48
pics/1414788170931.png 1 410 314 48 49
pics/1414788171116.png 1 389 311 53 54
pics/1414788171315.png 1 352 307 56 52
pics/1414788171493.png 1 335 303 59 55
pics/1414788172779.png 1 234 323 61 63
pics/1414788172931.png 1 237 323 63 65
pics/1414788175523.png 2 527 289 32 33 538 251 21 23
pics/1414788175715.png 3 535 295 29 32 543 251 22 23 596 249 23 25
pics/1414788175899.png 3 542 286 31 34 551 240 25 25 603 240 27 25
pics/1414788176067.png 3 533 281 36 34 547 235 26 26 601 231 27 27
pics/1414788176379.png 3 497 292 36 37 515 241 28 28 570 240 28 32
pics/1414788176603.png 3 453 303 37 37 475 249 29 28 533 248 26 27
pics/1414788176843.png 3 388 296 40 38 423 241 26 29 482 242 28 29
pics/1414788177067.png 3 305 290 42 43 349 234 31 29 412 235 29 28
pics/1414788177291.png 3 261 289 40 38 313 235 26 27 376 236 27 27
pics/1414788177507.png 3 165 290 45 42 227 235 31 29 292 236 31 31
pics/1414788177667.png 3 87 284 43 40 158 227 32 28 222 229 33 28
pics/1414788181819.png 3 298 324 52 52 484 247 29 27 556 245 27 29
pics/1414788394243.png 1 234 308 48 48
pics/1414788394411.png 1 210 319 50 52
pics/1414788394611.png 1 162 337 54 52
pics/1414788394795.png 1 138 344 52 52
pics/1414788394980.png 1 94 355 48 53
pics/1414788395163.png 1 72 361 55 56
pics/1414788408531.png 1 246 251 28 27
pics/1414788408708.png 1 234 240 28 29
pics/1414788408971.png 1 233 226 27 29
pics/1414788409195.png 1 244 246 26 26
pics/1414788409420.png 1 269 283 28 27
pics/1414788409627.png 1 322 295 29 28
pics/1414788409859.png 1 399 295 32 31
pics/1414788410075.png 1 441 295 32 31
pics/1414788427836.png 1 251 249 26 23
pics/1414788428075.png 1 262 251 27 25
pics/1414788428371.png 1 239 265 26 27
pics/1414788428619.png 1 216 294 28 27
pics/1414788428875.png 1 194 301 31 31
pics/1414788429235.png 1 183 274 27 31
pics/1414788429619.png 1 184 276 31 33
pics/1414788430075.png 1 226 281 32 33
pics/1414788430332.png 1 267 292 34 33
pics/1414788430539.png 1 315 299 37 36
pics/1414788430731.png 1 337 295 37 37
pics/1414788430923.png 1 362 267 40 39
pics/1414788431139.png 1 362 262 39 39
pics/1414788431367.png 1 336 291 40 43
pics/1414788431587.png 1 314 305 43 42
pics/1414788431803.png 1 255 323 43 44
pics/1414788432051.png 1 185 332 47 44
pics/1414788432259.png 1 141 340 43 44
pics/1414788432475.png 1 105 322 47 45
pics/1414788432684.png 1 92 311 45 49
pics/1414788432899.png 1 61 314 48 52
pics/1414788433067.png 1 37 333 49 49
pics/1414788453219.png 1 45 259 28 27
pics/1414788453451.png 1 21 268 33 31
pics/1414788456604.png 1 521 308 54 56
pics/1414788456779.png 1 543 323 58 59
pics/1414788483795.png 1 362 254 26 26
pics/1414788484027.png 1 362 278 23 26
pics/1414788484235.png 1 354 280 25 28
pics/1414788484443.png 1 319 278 26 27
pics/1414788484675.png 1 261 278 26 27
pics/1414788484899.png 1 184 278 28 27
pics/1414788485067.png 1 141 278 25 23
pics/1414788486435.png 1 394 262 27 27
pics/1414788486643.png 1 361 281 28 27
pics/1414788486867.png 1 352 281 29 28
pics/1414788487091.png 1 369 264 27 26
pics/1414788487315.png 1 378 257 27 28
pics/1414788487547.png 1 396 257 26 28
pics/1414788487779.png 1 408 269 29 32
pics/1414788488035.png 1 427 279 31 32
pics/1414788488283.png 1 473 274 31 31
pics/1414788488491.png 1 492 273 28 26
pics/1414788488699.png 1 527 286 29 29
pics/1414788612612.png 2 302 235 26 27 494 246 22 25
pics/1414788612804.png 2 302 237 27 26 491 248 27 22
pics/1414788612939.png 2 300 234 29 28 491 245 27 27
pics/1414788613155.png 2 302 231 25 26 492 240 28 28
pics/1414788613323.png 2 298 229 27 27 492 240 28 31
pics/1414788614172.png 2 108 240 25 26 255 240 27 26
pics/1414788614395.png 3 7 248 22 26 170 248 23 26 322 245 23 26
pics/1414788614635.png 3 13 243 26 28 179 248 28 27 335 252 26 23
pics/1414788615069.png 3 54 243 26 29 228 249 28 27 385 252 26 29
pics/1414788615275.png 3 49 245 29 31 224 252 26 26 383 253 26 26
pics/1414788615475.png 3 18 243 27 31 194 251 29 28 361 257 22 26
pics/1414788615643.png 2 172 251 31 28 337 256 23 25
pics/1414788616563.png 1 433 253 33 31
pics/1414788616780.png 1 430 251 34 31
pics/1414788616979.png 1 424 246 36 34
pics/1414788617179.png 1 434 241 39 33
pics/1414788617355.png 1 432 240 38 36
pics/1414788617531.png 1 426 242 37 34
pics/1414788618675.png 1 69 249 37 33
pics/1414788618859.png 1 58 253 38 38
pics/1414788619043.png 1 48 254 34 36
pics/1414788619212.png 1 42 252 38 32
pics/1414788619995.png 2 80 247 33 34 370 257 44 39
pics/1414788620203.png 3 11 214 34 37 303 226 44 43 578 237 42 42
pics/1414788620403.png 2 259 211 47 40 538 226 43 39
pics/1414788620596.png 2 259 211 48 43 537 224 42 42
pics/1414788620795.png 2 282 264 44 43 570 279 38 42
pics/1414788620979.png 3 7 251 29 34 303 275 48 42 594 286 40 39
pics/1414788621147.png 2 17 240 39 36 325 257 48 45
pics/1414788622299.png 2 56 253 44 48 284 256 42 37
pics/1414788622483.png 2 47 263 49 48 283 262 44 40
pics/1414788622683.png 2 54 272 47 49 291 269 45 42
pics/1414788622892.png 2 42 270 47 47 278 268 43 42
pics/1414788623073.png 2 23 257 48 48 267 259 42 42
pics/1414788623219.png 2 10 254 45 52 254 257 40 42
pics/1414788624171.png 3 151 252 61 59 583 264 55 59 518 259 23 22
pics/1414788624547.png 2 130 248 65 66 589 275 54 60
pics/1414788876596.png 2 354 272 52 45 401 256 28 29
pics/1414788876836.png 2 262 278 52 42 308 257 28 28
pics/1414788878084.png 1 376 256 66 59
pics/1414788878316.png 2 446 257 65 60 435 231 32 32
pics/1414788884684.png 1 509 268 32 31
