pics/1414787615126.png 1 374 271 29 22
pics/1414787618140.png 1 628 250 16 28
pics/1414787619562.png 1 458 249 35 33
pics/1414787626091.png 1 484 256 40 33
pics/1414787887403.png 3 48 249 48 51 282 232 30 29 420 226 14 27
pics/1414787887603.png 3 7 248 51 59 249 227 26 29 390 226 20 22
pics/1414787889779.png 2 238 236 30 33 425 230 17 27
pics/1414787890067.png 2 219 238 25 30 415 229 20 33
pics/1414787890523.png 2 156 231 34 30 365 225 28 28
pics/1414787891651.png 2 215 256 34 35 453 245 24 25
pics/1414787893115.png 1 127 277 63 51
pics/1414787893347.png 1 199 264 63 50
pics/1414787893547.png 1 271 260 54 61
pics/1414787893739.png 1 292 262 67 60
pics/1414787893931.png 2 347 268 62 54 478 238 12 13
pics/1414787894827.png 2 289 230 48 35 548 235 20 26
pics/1414787895011.png 2 310 236 41 34 567 237 24 36
pics/1414787895195.png 2 319 234 47 37 575 240 26 23
pics/1414787895403.png 2 337 231 47 40 596 244 21 29
pics/1414787895619.png 2 348 235 35 40 599 242 25 30
pics/1414787895811.png 2 347 235 36 35 594 245 32 26
pics/1414787896019.png 2 333 236 40 34 585 247 30 23
pics/1414787896243.png 2 557 233 23 20 301 229 34 29
pics/1414787896403.png 2 274 230 49 32 534 226 36 30
pics/1414787897219.png 1 359 248 55 35
pics/1414787897411.png 1 322 249 47 38
pics/1414787897598.png 1 303 249 37 41
pics/1414787897779.png 1 304 249 36 35
pics/1414787897971.png 1 310 236 42 37
pics/1414787898163.png 1 320 236 47 37
pics/1414787898435.png 1 342 237 42 37
pics/1414787898651.png 1 364 250 40 33
pics/1414787898835.png 2 62 241 21 22 373 252 54 39
pics/1414787915547.png 2 537 240 17 14 535 269 58 67
pics/1414787915667.png 2 555 241 15 15 559 275 57 69
pics/1414787915827.png 2 572 248 19 12 582 274 59 71
pics/1414787916003.png 2 89 229 18 16 601 243 27 19
pics/1414787916131.png 3 106 228 13 16 617 242 19 15 424 227 12 10
pics/1414787917227.png 2 124 278 90 80 173 232 39 37
pics/1414787917395.png 2 108 280 101 80 162 239 38 29
pics/1414787917547.png 2 99 284 90 70 154 239 41 26
pics/1414787917699.png 2 78 281 82 84 142 238 32 31
pics/1414787919219.png 1 106 271 35 27
pics/1414787919395.png 2 495 245 9 13 79 270 26 30
pics/1414787919947.png 2 462 241 12 13 614 257 14 19
pics/1414787920147.png 2 586 255 18 19 436 239 20 14
pics/1414787920315.png 2 425 241 10 10 460 226 8 10
pics/1414787920491.png 2 541 254 19 19 550 242 8 10
pics/1414787922443.png 2 151 220 11 9 520 243 22 24
pics/1414787922651.png 2 194 216 13 12 37 220 13 11
pics/1414787922835.png 2 245 209 9 15 80 215 14 13
pics/1414787923011.png 1 267 212 13 13
pics/1414787925781.png 2 155 232 28 29 190 268 34 31
pics/1414787925939.png 3 98 240 30 31 126 274 25 31 22 388 77 72
pics/1414787926099.png 2 64 244 26 34 84 281 35 29
pics/1414787927483.png 3 136 286 33 29 141 248 8 19 466 243 10 12
pics/1414787927699.png 2 292 235 12 16 101 235 13 11
pics/1414787927923.png 4 117 280 35 33 86 223 9 15 276 232 16 13 447 233 15 12
pics/1414787928155.png 2 418 233 15 18 247 231 17 12
pics/1414787928411.png 3 210 235 16 16 385 242 10 15 365 257 15 19
pics/1414787928643.png 2 356 243 16 13 24 295 35 24
pics/1414787929067.png 2 358 229 9 8 18 291 56 36
pics/1414787929387.png 2 73 290 51 42 229 215 15 14
pics/1414787929595.png 3 142 293 43 45 283 214 9 13 460 209 14 14
pics/1414787929819.png 2 319 212 19 15 187 300 73 40
pics/1414787930027.png 3 120 213 11 13 208 301 50 46 508 219 18 20
pics/1414787930259.png 2 121 219 13 19 213 329 66 44
pics/1414787930476.png 3 494 255 12 18 94 228 23 17 204 351 71 55
pics/1414787930659.png 2 461 256 7 10 269 239 23 18
pics/1414787930843.png 1 36 221 15 15
pics/1414787931795.png 2 401 285 29 31 520 239 16 15
pics/1414787932011.png 2 443 283 40 31 565 235 21 18
pics/1414787932203.png 2 505 291 36 32 571 250 10 10
pics/1414787932371.png 2 534 300 38 26 595 253 16 10
pics/1414787936411.png 1 272 284 45 35
pics/1414788193451.png 2 82 275 69 69 454 258 41 45
pics/1414788193651.png 3 82 282 71 64 465 259 40 54 108 353 55 56
pics/1414788193844.png 2 93 276 73 89 114 354 62 55
pics/1414788194403.png 3 168 282 86 88 167 362 72 73 597 265 31 49
pics/1414788195779.png 1 156 276 43 58
pics/1414788196459.png 1 227 254 41 65
pics/1414788196676.png 1 237 248 50 86
pics/1414788196891.png 1 216 262 62 63
pics/1414788197107.png 1 216 275 56 59
pics/1414788197347.png 1 202 283 64 73
pics/1414788197539.png 1 190 296 73 64
pics/1414788197739.png 1 197 278 65 74
pics/1414788198132.png 1 182 271 63 86
pics/1414788198363.png 1 200 284 64 67
pics/1414788207499.png 1 388 244 44 44
pics/1414788207763.png 1 410 255 39 42
pics/1414788207971.png 1 412 258 29 38
pics/1414788208171.png 1 384 254 44 40
pics/1414788208372.png 1 351 248 50 38
pics/1414788208587.png 1 329 240 45 40
pics/1414788208803.png 2 281 234 55 48 570 259 50 37
pics/1414788209011.png 2 230 241 38 44 529 260 43 46
pics/1414788209235.png 2 188 249 30 47 587 262 20 21
pics/1414788209467.png 3 148 255 32 30 439 260 31 31 548 265 18 17
pics/1414788209667.png 3 131 250 36 42 425 251 31 47 529 265 15 17
pics/1414788209883.png 3 99 245 24 33 383 247 46 52 488 258 19 22
pics/1414788210083.png 3 73 231 28 35 351 247 51 39 462 261 17 18
pics/1414788211731.png 3 156 263 34 31 438 258 36 44 541 266 25 23
pics/1414788211987.png 3 130 261 31 35 409 259 41 47 519 274 18 19
pics/1414788219739.png 2 132 242 33 49 203 241 39 35
pics/1414788219939.png 2 119 272 43 47 192 267 38 41
pics/1414788220155.png 2 108 276 43 55 181 273 35 37
pics/1414788220355.png 1 165 260 42 42
pics/1414788220563.png 2 96 264 38 50 164 260 58 42
pics/1414788220755.png 2 92 257 42 58 162 254 42 42
pics/1414788220979.png 3 27 235 15 16 106 258 44 47 179 252 29 33
pics/1414788221211.png 2 142 257 54 49 217 252 42 32
pics/1414788221411.png 2 175 266 53 49 251 265 38 48
pics/1414788221619.png 2 259 281 54 60 336 278 38 47
pics/1414788221771.png 2 309 279 62 63 385 282 51 42
pics/1414788222899.png 3 567 253 16 14 200 297 38 38 124 287 28 28
pics/1414788223083.png 3 116 257 20 33 184 279 38 41 553 245 22 20
pics/1414788223283.png 2 549 242 24 17 178 273 35 51
pics/1414788225619.png 2 352 242 63 65 139 227 17 13
pics/1414788225811.png 2 99 243 14 12 306 261 67 68
pics/1414788225955.png 2 287 276 57 56 72 246 18 17
pics/1414788624731.png 4 110 251 55 58 198 234 18 14 585 276 34 59 506 265 19 20
pics/1414788626419.png 1 155 273 64 66
pics/1414788626651.png 1 158 269 63 62
pics/1414788626867.png 1 169 273 65 56
pics/1414788627227.png 1 173 274 63 58
pics/1414788627451.png 1 181 279 71 53
pics/1414788628204.png 2 225 283 127 133 203 238 30 31
pics/1414788628403.png 2 94 292 134 127 106 244 28 21
pics/1414788628587.png 3 28 308 115 126 606 286 29 57 51 247 26 37
pics/1414788628956.png 2 191 256 22 32 474 289 68 67
pics/1414788629155.png 1 281 281 75 70
pics/1414788631676.png 1 247 278 111 93
pics/1414788631843.png 2 55 254 17 33 307 310 117 102
pics/1414788632740.png 2 66 251 15 20 311 302 120 121
pics/1414788665844.png 1 428 245 24 19
pics/1414788666579.png 1 161 224 17 16
pics/1414788667883.png 2 120 247 26 35 4 245 15 13
pics/1414788670507.png 1 360 232 21 17
pics/1414788670731.png 1 373 237 20 18
pics/1414788671052.png 2 387 234 20 20 525 242 16 21
pics/1414788671459.png 2 399 235 20 20 540 244 25 20
pics/1414788678931.png 3 361 250 23 23 520 261 29 25 79 237 19 22
pics/1414788815548.png 2 69 248 19 13 296 297 65 49
pics/1414788815708.png 2 68 245 27 23 294 298 63 50
pics/1414788815868.png 2 464 319 65 63 141 248 26 20
pics/1414788819140.png 2 301 273 48 44 118 231 11 14
pics/1414788819366.png 2 351 296 51 49 103 230 20 27
pics/1414788819580.png 2 343 296 57 58 103 237 21 19
pics/1414788821412.png 2 273 269 44 45 323 227 11 15
pics/1414788828612.png 2 106 226 21 19 188 249 23 29
pics/1414788828924.png 2 87 226 17 18 168 253 28 24
pics/1414788829176.png 2 86 227 20 19 169 252 29 27
pics/1414788830148.png 2 330 274 43 41 10 235 18 20
pics/1414788830372.png 2 296 285 41 35 259 257 24 28
pics/1414788831020.png 1 11 238 26 24
pics/1414788831500.png 1 13 236 19 25
pics/1414788832656.png 2 80 223 30 29 265 288 53 49
pics/1414788832860.png 2 86 226 18 23 267 290 50 43
pics/1414788833036.png 2 69 228 23 23 266 306 59 49
pics/1414788835276.png 2 218 242 46 37 408 244 31 25
pics/1414788835500.png 2 192 243 29 40 377 242 36 29
pics/1414788835708.png 2 171 246 39 37 371 242 29 34
pics/1414788835924.png 2 173 246 37 39 369 243 36 32
pics/1414788836332.png 2 187 253 43 44 398 247 28 28
pics/1414788836540.png 2 189 250 41 39 393 245 35 34
pics/1414788837884.png 1 102 255 41 31
pics/1414788838124.png 1 106 255 36 38
pics/1414788838356.png 1 123 240 54 54
pics/1414788838588.png 1 122 243 52 50
pics/1414788839836.png 2 20 242 40 43 485 237 50 73
pics/1414788841692.png 1 257 262 75 69
pics/1414788841836.png 1 404 283 89 91
pics/1414788854868.png 1 441 261 58 71
pics/1414788855804.png 1 499 238 36 49
pics/1414788856020.png 1 466 246 38 44
pics/1414788856228.png 1 437 245 53 47
pics/1414788856668.png 2 162 255 68 54 392 241 59 58
pics/1414788856884.png 2 173 258 50 49 390 242 52 43
pics/1414788857692.png 2 317 246 42 32 584 237 12 18
pics/1414788857876.png 3 304 241 50 39 497 236 23 19 574 233 16 16
