pics/1404934414191.png 2 168 232 18 17 406 242 26 21
pics/1404934514327.png 2 299 253 42 40 572 256 22 21
pics/1404934518527.png 1 354 278 73 65
pics/1404934536463.png 1 136 237 32 37
pics/1404934625679.png 1 325 241 13 14
pics/1404934628815.png 1 167 223 6 4
pics/1404934635991.png 1 350 236 7 7
pics/1404934639463.png 1 381 249 15 11
pics/1404934643015.png 1 449 238 7 9
pics/1404934655343.png 1 539 231 9 9
pics/1404934663863.png 2 178 221 12 9 215 226 22 24
pics/1404934691791.png 3 136 268 30 27 509 265 17 21 471 247 12 16
pics/1404934697527.png 3 282 257 16 23 440 242 18 18 614 256 19 19
pics/1404934703887.png 2 455 254 46 59 184 227 30 42
pics/1404934706671.png 1 92 260 58 82
pics/1404934954384.png 1 245 239 9 9
pics/1404934959264.png 2 426 249 10 8 555 252 11 15
pics/1404934962775.png 2 181 253 11 12 321 258 11 19
pics/1404934967496.png 1 269 250 10 10
pics/1404934972056.png 1 62 237 19 20
pics/1404934975472.png 2 139 244 24 34 368 258 22 19
pics/1404934981968.png 2 139 250 24 35 427 258 31 34
pics/1404934989928.png 1 449 264 25 30
pics/1404934992888.png 2 98 251 25 30 411 264 36 37
pics/1404934995599.png 2 166 263 39 36 461 279 28 26
pics/1404934998528.png 2 166 262 41 41 477 277 30 26
pics/1404935001048.png 2 80 253 46 51 419 275 32 32
pics/1404935003799.png 1 235 280 36 33
pics/1404935007279.png 2 282 287 48 41 418 264 25 25
pics/1404935010031.png 2 465 302 53 40 565 270 25 24
pics/1404935012599.png 2 351 307 64 46 420 267 28 24
pics/1404935015615.png 2 508 265 30 29 498 318 71 66
pics/1404935128216.png 3 1 292 20 33 143 284 24 23 389 284 17 15
pics/1404935135024.png 1 467 279 16 17
pics/1404935144783.png 2 84 337 51 48 538 306 27 23
pics/1404935150623.png 2 110 277 19 21 318 283 18 19
pics/1404935167776.png 3 32 236 17 20 220 243 16 19 289 292 30 36
pics/1404935171488.png 2 65 243 21 22 504 386 75 84
pics/1404935174751.png 2 133 249 30 36 439 252 25 27
pics/1404935177959.png 1 338 272 42 44
pics/1404935180480.png 2 204 265 29 30 415 270 18 18
pics/1404935184807.png 1 309 263 27 25
pics/1404935188624.png 1 345 268 44 41
pics/1404935191928.png 1 503 282 65 61
pics/1404935329152.png 1 357 262 15 17
pics/1404935365960.png 1 17 252 14 15
pics/1404935372168.png 1 71 298 32 31
pics/1404935920184.png 1 586 252 53 69
pics/1404935942065.png 2 361 223 20 20 546 253 16 16
pics/1404936344412.png 1 185 216 18 20
pics/1404936352356.png 1 531 266 68 72
pics/1404936355580.png 2 199 278 102 91 601 268 39 39
pics/1404936378148.png 2 23 241 54 57 284 230 32 38
pics/1404936381884.png 1 504 257 96 95
pics/1413757548136.png 2 107 245 22 27 369 250 25 29
pics/1413757558920.png 1 505 254 40 46
pics/1413757567976.png 1 131 278 59 64
pics/1413757570688.png 1 197 293 114 108
pics/1413757580009.png 1 183 292 31 32
pics/1413757582680.png 1 237 310 40 40
pics/1413757585488.png 1 299 328 46 46
pics/1413757586816.png 1 356 348 59 53
pics/1413757600672.png 1 447 302 36 36
pics/1413757602288.png 1 609 308 29 28
pics/1413757605689.png 1 135 316 39 38
pics/1413757608592.png 1 223 346 65 59
pics/1413757614184.png 1 476 295 27 28
pics/1413757624144.png 1 395 281 30 35
pics/1413757630016.png 1 209 275 25 32
pics/1413757636336.png 2 226 265 15 21 327 315 45 49
pics/1413757638616.png 2 274 269 19 31 462 344 56 61
pics/1413757643824.png 1 417 292 29 35
pics/1413757648752.png 1 123 270 47 41
pics/1414787639250.png 1 312 264 64 62
pics/1414787639563.png 1 259 263 68 71
pics/1414787682547.png 1 117 273 37 31
pics/1414787682707.png 1 97 279 36 31
pics/1414787683651.png 1 205 274 31 26
pics/1414787683851.png 1 189 278 34 28
pics/1414787684051.png 1 183 282 35 33
pics/1414787684258.png 1 178 285 40 32
pics/1414787684451.png 1 180 283 41 39
pics/1414787684643.png 1 178 290 43 36
pics/1414787684803.png 1 178 293 39 33
pics/1414787685627.png 1 139 313 68 47
pics/1414787685819.png 1 139 315 74 45
pics/1414787686019.png 1 139 315 71 47
pics/1414787686203.png 1 152 315 58 54
pics/1414787686707.png 1 197 333 77 56
pics/1414787688051.png 1 203 326 71 63
pics/1414787688267.png 1 232 330 70 64
pics/1414787688467.png 1 250 334 70 57
pics/1414787699163.png 1 321 267 28 28
pics/1414787699387.png 1 304 270 27 24
pics/1414787699581.png 1 256 272 28 26
pics/1414787699763.png 1 245 276 27 27
pics/1414787699931.png 1 244 276 28 28
pics/1414787700107.png 1 233 286 31 28
pics/1414787700283.png 1 231 286 33 30
pics/1414787700603.png 1 258 285 32 31
pics/1414787700787.png 2 285 289 36 32 399 243 28 26
pics/1414787701602.png 3 467 292 49 45 505 225 29 24 289 224 30 29
pics/1414787701779.png 3 511 302 51 47 537 231 28 21 320 232 35 30
pics/1414787701963.png 2 392 244 31 29 603 241 26 21
pics/1414787702171.png 2 466 241 29 29 6 234 30 25
pics/1414787702379.png 2 67 229 28 23 540 242 32 30
pics/1414787702587.png 1 135 233 28 25
pics/1414787702787.png 1 165 237 30 26
pics/1414787702987.png 2 51 302 43 44 225 236 31 28
pics/1414787703178.png 2 248 233 29 25 73 302 42 33
pics/1414787703379.png 2 101 302 47 44 276 231 31 30
pics/1414787703595.png 2 282 235 33 32 104 305 49 46
pics/1414787703795.png 2 102 307 46 50 277 238 33 29
pics/1414787703955.png 2 252 232 31 31 66 305 49 46
pics/1414787704203.png 2 44 302 50 50 231 229 29 31
pics/1414787704659.png 1 110 230 33 30
pics/1414787704923.png 1 549 255 35 33
pics/1414787705355.png 1 435 258 35 35
pics/1414787707675.png 2 358 257 38 33 615 248 25 29
pics/1414787707923.png 2 559 249 28 25 295 256 38 37
pics/1414787708155.png 2 254 257 39 40 520 251 27 29
pics/1414787708386.png 2 512 254 26 28 242 263 37 34
pics/1414787708611.png 2 242 263 39 34 512 256 26 24
pics/1414787708835.png 2 550 246 23 27 273 254 41 38
pics/1414787709075.png 2 298 253 37 39 569 246 27 25
pics/1414787709323.png 1 391 257 41 38
pics/1414787709539.png 1 467 261 41 42
pics/1414787709747.png 1 536 256 47 42
pics/1414787709963.png 1 599 257 44 45
pics/1414787710499.png 1 24 252 40 36
pics/1414787710755.png 1 58 247 41 40
pics/1414787711571.png 1 131 251 41 40
pics/1414787712459.png 2 248 268 63 61 528 252 32 33
pics/1414787712643.png 2 267 269 63 59 547 254 32 31
pics/1414787712843.png 2 277 266 64 60 555 248 32 32
pics/1414787713042.png 2 301 271 66 63 574 249 34 34
pics/1414787713235.png 2 331 283 67 63 601 257 29 30
pics/1414787713418.png 1 346 285 69 64
pics/1414787713595.png 1 383 282 69 69
pics/1414787713779.png 1 398 281 72 67
pics/1414787713947.png 1 436 284 72 70
pics/1414787714115.png 1 456 287 66 70
pics/1414787714371.png 1 476 291 73 74
pics/1414787715227.png 1 86 260 61 55
pics/1414787715411.png 1 59 263 58 57
pics/1414787715539.png 1 42 263 61 57
pics/1414787716730.png 1 232 270 30 28
pics/1414787716948.png 1 298 275 29 30
pics/1414787717187.png 1 313 277 30 31
pics/1414787717379.png 1 327 285 31 32
pics/1414787717595.png 1 322 301 33 36
pics/1414787717811.png 1 308 306 36 33
pics/1414787718019.png 1 281 305 35 36
pics/1414787718235.png 1 265 303 36 37
pics/1414787718427.png 1 222 304 39 42
pics/1414787718587.png 1 213 307 41 41
pics/1414787718827.png 1 202 310 42 45
pics/1414787719027.png 1 199 316 48 47
pics/1414787719275.png 1 209 324 50 53
pics/1414787719491.png 1 225 334 55 55
pics/1414787719707.png 1 240 335 55 59
pics/1414787719931.png 1 275 339 59 61
pics/1414787720131.png 1 317 344 65 64
pics/1414787722851.png 2 129 248 27 26 473 323 53 56
pics/1414787723074.png 2 77 258 28 27 408 336 64 56
pics/1414787723291.png 2 348 357 62 52 30 270 26 26
pics/1414787942971.png 2 261 285 32 33 523 253 32 34
pics/1414787943739.png 2 216 247 39 36 579 305 43 42
pics/1414787943923.png 2 595 311 40 42 220 249 42 39
pics/1414787944115.png 1 222 247 40 42
pics/1414787944291.png 1 210 244 46 44
pics/1414787944467.png 1 202 244 45 46
pics/1414787945179.png 1 378 247 53 55
pics/1414787945355.png 1 321 245 57 56
pics/1414787945571.png 1 267 246 58 51
pics/1414787945796.png 1 239 247 55 52
pics/1414787946005.png 1 190 249 60 58
pics/1414787946195.png 1 155 252 64 56
pics/1414787946371.png 1 145 259 65 58
pics/1414787946571.png 1 144 271 62 61
pics/1414787946763.png 1 156 274 69 64
pics/1414787946955.png 1 171 277 67 67
pics/1414787947139.png 1 197 278 72 67
pics/1414787947315.png 1 208 276 72 71
pics/1414787947571.png 1 228 271 78 72
pics/1414787948443.png 1 494 286 91 88
pics/1414787948595.png 1 526 289 89 87
pics/1414787956851.png 1 160 315 57 54
pics/1414787957051.png 1 164 315 59 56
pics/1414787957259.png 1 182 317 60 58
pics/1414787957467.png 2 211 322 63 57 442 262 25 24
pics/1414787957651.png 2 230 327 64 59 455 262 27 24
pics/1414787957827.png 2 279 332 63 65 487 261 26 25
pics/1414787958043.png 2 331 340 72 65 527 261 28 29
pics/1414787958211.png 2 361 343 83 69 548 262 30 27
pics/1414787966164.png 1 536 290 30 29
pics/1414787966395.png 1 550 284 37 31
pics/1414787966563.png 1 566 280 33 31
pics/1414787968123.png 1 507 287 33 36
pics/1414787969843.png 1 336 286 35 34
pics/1414787969972.png 1 369 286 38 34
pics/1414787970131.png 1 380 286 37 36
pics/1414787970331.png 1 395 286 37 35
pics/1414787970531.png 1 402 283 37 36
pics/1414787970715.png 1 415 280 40 36
pics/1414787970939.png 1 445 285 41 41
pics/1414787971131.png 1 465 290 41 34
pics/1414787971331.png 1 520 288 43 41
pics/1414787975539.png 1 458 326 55 48
pics/1414787975779.png 1 413 325 56 49
pics/1414787975995.png 1 380 318 58 50
pics/1414787976211.png 1 371 315 56 52
pics/1414787976411.png 1 355 316 62 52
pics/1414787976619.png 1 362 316 61 51
pics/1414787976811.png 1 370 312 63 53
pics/1414787977003.png 1 402 316 59 52
pics/1414787977211.png 1 435 320 62 54
pics/1414787977387.png 1 456 320 61 57
pics/1414787977555.png 1 477 320 61 56
pics/1414787977731.png 1 520 323 63 54
pics/1414788093212.png 1 193 282 33 31
pics/1414788093427.png 1 199 285 32 28
pics/1414788093597.png 1 201 280 34 31
pics/1414788093771.png 1 211 271 34 30
pics/1414788093939.png 1 219 269 30 30
pics/1414788094107.png 1 227 270 34 31
pics/1414788094291.png 1 234 271 36 34
pics/1414788094483.png 1 257 284 34 33
pics/1414788095283.png 1 515 255 26 25
pics/1414788097091.png 1 491 283 35 35
pics/1414788097315.png 1 452 287 39 34
pics/1414788097515.png 1 371 303 35 33
pics/1414788097715.png 1 279 319 40 33
pics/1414788097915.png 1 240 326 39 32
pics/1414788098099.png 1 173 314 38 33
pics/1414788098555.png 1 113 284 38 35
pics/1414788099531.png 1 326 275 31 27
pics/1414788099691.png 1 363 273 32 28
pics/1414788101595.png 1 492 294 48 46
pics/1414788101795.png 1 421 296 46 47
pics/1414788102171.png 1 311 313 45 45
pics/1414788102371.png 1 273 315 49 45
pics/1414788102555.png 1 208 315 49 45
pics/1414788102732.png 1 178 310 47 49
pics/1414788102907.png 1 117 298 49 46
pics/1414788103059.png 1 90 296 48 47
pics/1414788105035.png 1 120 297 32 30
pics/1414788105428.png 1 224 277 35 30
pics/1414788227963.png 1 311 298 84 80
pics/1414788228131.png 1 338 299 84 84
pics/1414788228315.png 1 368 275 83 81
pics/1414788229227.png 1 319 299 102 96
pics/1414788229420.png 1 288 310 104 95
pics/1414788229635.png 1 199 331 106 101
pics/1414788229803.png 1 161 324 107 98
pics/1414788231379.png 1 507 301 80 79
pics/1414788231579.png 1 513 303 81 79
pics/1414788231875.png 1 542 299 83 86
pics/1414788233947.png 1 380 301 115 109
pics/1414788236019.png 1 436 293 39 40
pics/1414788236244.png 1 418 287 44 45
pics/1414788236459.png 1 380 284 43 41
pics/1414788236659.png 1 356 289 42 39
pics/1414788236915.png 1 294 295 43 40
pics/1414788245596.png 1 343 271 36 38
pics/1414788245787.png 1 406 278 34 34
pics/1414788245963.png 1 440 279 38 35
pics/1414788246155.png 2 48 284 32 32 526 283 38 34
pics/1414788247779.png 1 208 264 36 36
pics/1414788247985.png 1 190 262 36 34
pics/1414788248123.png 1 144 269 35 37
pics/1414788249419.png 1 240 262 39 37
pics/1414788249611.png 1 213 255 39 39
pics/1414788249771.png 2 181 253 38 34 366 254 34 34
pics/1414788250027.png 2 179 252 38 39 365 255 33 32
pics/1414788250195.png 2 183 260 37 39 369 261 31 32
pics/1414788250379.png 2 194 282 37 37 378 275 32 35
pics/1414788250579.png 2 199 289 39 38 385 280 33 34
pics/1414788254636.png 1 290 274 40 43
pics/1414788254827.png 1 248 255 46 48
pics/1414788255003.png 1 240 249 42 46
pics/1414788255179.png 1 228 249 43 47
pics/1414788255371.png 1 228 258 45 50
pics/1414788255643.png 1 246 284 43 47
pics/1414788256124.png 1 336 301 45 48
pics/1414788256347.png 1 411 293 43 53
pics/1414788256539.png 1 478 289 45 45
pics/1414788256763.png 1 540 296 44 44
pics/1414788257451.png 1 380 285 30 26
pics/1414788257707.png 1 471 268 32 28
pics/1414788257923.png 1 503 275 34 27
pics/1414788258123.png 2 75 282 33 39 572 287 32 36
pics/1414788258875.png 1 103 300 35 43
pics/1414788259867.png 1 449 281 37 31
pics/1414788260099.png 1 431 261 40 32
pics/1414788260323.png 1 434 275 41 35
pics/1414788260547.png 1 460 299 41 35
pics/1414788261539.png 1 182 307 35 42
pics/1414788261763.png 1 270 296 39 42
pics/1414788261987.png 2 57 307 31 37 326 291 39 42
pics/1414788262179.png 2 90 309 33 37 365 304 37 38
pics/1414788262379.png 2 104 300 32 36 378 304 40 42
pics/1414788262587.png 2 110 271 33 35 385 284 40 44
pics/1414788262851.png 2 103 247 30 38 379 266 40 46
pics/1414788263147.png 2 78 273 30 37 352 283 39 46
pics/1414788263435.png 2 45 293 30 39 311 297 42 47
pics/1414788263667.png 1 260 303 39 42
pics/1414788264363.png 3 20 295 43 38 205 247 25 26 559 266 22 30
pics/1414788264507.png 2 174 252 21 22 529 271 18 20
pics/1414788265827.png 4 584 311 45 36 382 268 23 23 352 250 21 17 158 242 22 19
pics/1414788267243.png 4 3 285 17 19 201 283 22 18 231 301 23 23 467 343 56 39
pics/1414788267436.png 4 600 335 43 40 352 287 30 24 325 266 20 19 115 269 22 18
pics/1414788267667.png 3 232 249 20 18 442 256 20 15 475 276 25 21
pics/1414788267875.png 3 527 279 27 26 493 261 22 19 285 254 21 18
pics/1414788268579.png 4 247 292 36 40 13 267 27 30 123 250 16 16 556 276 20 22
pics/1414788268795.png 3 332 300 38 35 94 276 28 29 205 257 16 17
pics/1414788269003.png 2 181 279 26 27 422 304 35 35
pics/1414788269195.png 3 226 279 25 28 332 261 17 17 464 306 35 36
pics/1414788270627.png 1 572 293 35 34
pics/1414788276611.png 1 220 296 46 40
pics/1414788276827.png 1 212 320 47 40
pics/1414788277004.png 1 206 331 50 42
pics/1414788277187.png 1 200 344 49 41
pics/1414788277395.png 1 201 343 49 44
pics/1414788277595.png 1 227 338 50 47
pics/1414788277779.png 1 273 343 54 51
pics/1414788279899.png 3 24 229 19 20 305 251 38 33 397 276 31 23
pics/1414788280163.png 3 410 277 29 21 313 249 40 34 33 223 20 21
pics/1414788280387.png 3 47 229 24 23 331 249 41 32 428 276 31 22
pics/1414788280595.png 3 442 278 29 22 344 253 41 36 57 237 22 25
pics/1414788280796.png 3 81 248 22 22 368 260 43 37 469 284 31 24
pics/1414788281003.png 3 135 239 20 20 428 251 42 35 528 275 30 23
pics/1414788281203.png 3 173 233 23 20 470 249 41 34 570 274 33 27
pics/1414788281459.png 3 43 255 17 18 249 244 23 18 549 265 42 36
pics/1414788283035.png 3 149 272 19 20 295 269 19 17 514 251 24 19
pics/1414788283263.png 3 118 267 19 18 264 266 18 17 485 252 23 18
pics/1414788283491.png 4 58 252 20 19 202 254 20 18 305 232 19 14 426 246 25 18
pics/1414788285451.png 3 84 231 21 19 412 263 46 42 522 299 35 29
pics/1414788285635.png 3 519 298 38 31 407 265 48 43 78 235 24 22
pics/1414788285819.png 3 75 245 24 20 408 269 48 41 521 302 36 29
pics/1414788286019.png 3 523 300 36 31 406 267 48 43 72 247 25 21
pics/1414788860332.png 3 173 246 44 39 367 236 30 38 531 231 21 23
pics/1414788860564.png 3 172 246 42 51 366 235 31 35 533 231 18 21
pics/1414788860796.png 3 171 245 48 47 367 236 31 33 531 231 20 24
pics/1414788861020.png 3 532 231 19 24 367 235 31 35 172 246 46 49
pics/1414788862212.png 2 438 258 45 46 598 249 28 33
pics/1414788871964.png 3 418 259 33 35 511 248 24 28 622 240 14 22
pics/1414788872228.png 3 621 240 15 22 512 249 22 28 418 260 34 35
pics/1414788872476.png 3 286 264 34 36 384 253 23 24 496 248 16 19
pics/1404934414191.png 2 166 227 25 24 403 234 30 32
pics/1404934420359.png 2 394 279 86 84 416 248 15 14
pics/1404934500207.png 2 239 223 26 28 526 237 29 27
pics/1404934505463.png 1 296 238 33 33
pics/1404934510799.png 2 147 234 57 54 547 253 36 37
pics/1404934514327.png 2 297 249 42 41 569 252 26 25
pics/1404934518527.png 1 355 271 71 73
pics/1404934536463.png 1 136 235 31 36
pics/1404934619951.png 1 168 218 12 13
pics/1404934625679.png 2 323 237 16 17 352 230 11 13
pics/1404934635991.png 1 349 233 11 11
pics/1404934639463.png 2 381 245 17 18 430 237 12 13
pics/1404934655343.png 2 537 229 12 10 470 222 10 10
pics/1404934663863.png 3 215 224 22 23 177 217 16 15 142 213 11 12
pics/1404934691791.png 7 135 265 31 35 82 209 14 12 191 221 15 14 233 237 16 17 313 227 15 15 469 244 17 18 509 264 17 19
pics/1404934697527.png 5 190 230 14 13 281 256 18 20 304 239 14 12 441 241 16 17 615 254 19 21
pics/1404934703887.png 3 46 224 20 16 183 225 31 28 454 255 45 51
pics/1404934706671.png 1 90 259 60 53
pics/1404934954384.png 2 244 237 13 11 350 238 12 14
pics/1404934959264.png 2 424 246 12 12 552 247 14 16
pics/1404934962775.png 4 181 252 12 14 320 257 15 14 439 265 15 15 540 265 13 13
pics/1404934967496.png 2 26 236 17 17 265 247 15 13
pics/1404934972056.png 2 59 234 25 27 387 245 18 17
pics/1404934975472.png 3 138 240 26 24 366 256 25 19 505 253 21 18
pics/1404934981968.png 3 138 248 26 27 247 244 11 10 427 255 34 35
pics/1404934989928.png 2 448 263 27 26 549 261 11 8
pics/1404934992888.png 2 96 250 29 28 411 260 38 38
pics/1404934995599.png 3 164 262 41 40 459 276 31 29 608 267 21 19
pics/1404934998528.png 4 148 250 10 11 165 262 43 41 476 276 29 26 620 264 20 20
pics/1404935001048.png 2 417 274 33 32 75 252 52 52
pics/1404935003799.png 1 234 281 38 29
pics/1404935007279.png 2 282 286 48 43 418 264 25 24
pics/1404935010031.png 2 462 299 55 46 563 268 28 28
pics/1404935012599.png 3 349 306 67 49 419 264 30 29 583 258 14 15
pics/1404935015615.png 2 496 317 72 56 506 263 33 27
pics/1404935128216.png 9 1 292 21 33 142 283 27 23 102 239 11 10 130 251 11 11 214 244 11 10 246 255 13 13 325 250 11 9 389 282 19 18 444 254 10 12
pics/1404935135024.png 3 406 256 12 12 466 280 18 17 556 260 13 13
pics/1404935144783.png 8 85 337 53 53 535 305 31 28 130 243 13 12 155 260 14 12 265 246 13 12 310 260 16 14 394 249 15 12 523 253 13 12
pics/1404935150623.png 6 25 245 14 16 107 276 22 23 180 253 16 16 332 261 16 13 318 282 19 21 478 265 14 13
pics/1404935167776.png 4 30 237 20 18 217 243 19 18 286 290 35 35 388 250 15 13
pics/1404935171488.png 3 64 242 21 19 263 247 15 14 506 384 76 76
pics/1404935174751.png 2 131 250 34 35 438 251 28 28
pics/1404935177959.png 1 338 273 43 42
pics/1404935180480.png 2 201 264 32 30 415 269 18 17
pics/1404935184807.png 1 307 261 28 28
pics/1404935188624.png 1 346 268 44 40
pics/1404935191928.png 1 503 281 67 61
pics/1404935318424.png 1 105 241 10 9
pics/1404935329152.png 2 357 261 16 14 395 253 12 10
pics/1404935365960.png 2 16 251 15 14 77 238 8 9
pics/1404935372168.png 3 70 298 34 29 194 250 14 14 77 247 12 10
pics/1404935920184.png 5 587 253 52 55 365 219 16 15 288 220 13 11 257 214 12 11 243 214 8 10
pics/1404935942065.png 3 359 220 22 23 530 233 22 21 544 252 17 16
pics/1404936344412.png 2 33 215 21 21 184 214 20 20
pics/1404936352356.png 2 529 266 69 69 330 233 12 13
pics/1404936355580.png 4 209 280 91 87 382 257 22 21 599 268 43 43 193 233 19 17
pics/1404936378148.png 2 24 240 52 58 283 231 34 33
pics/1404936381884.png 1 509 258 88 95
pics/1413757523384.png 4 66 235 13 12 212 237 16 15 357 239 15 13 564 245 15 14
pics/1413757527280.png 4 66 233 15 14 227 238 18 17 385 243 12 10 599 247 13 15
pics/1413757528648.png 4 68 235 16 15 236 238 17 18 396 241 15 16 614 247 13 14
pics/1413757529456.png 4 69 235 15 13 237 237 20 16 399 241 15 14 620 247 10 12
pics/1413757548136.png 3 106 243 22 26 370 248 24 34 545 250 21 25
pics/1413757558920.png 1 504 254 40 46
pics/1413757567976.png 3 11 256 16 23 128 277 62 67 429 260 12 15
pics/1413757570688.png 1 206 296 101 99
pics/1413757580009.png 1 184 293 28 27
pics/1413757582680.png 2 237 308 41 40 217 258 16 16
pics/1413757585488.png 4 34 248 14 15 235 260 17 17 294 328 52 45 538 264 19 23
pics/1413757586816.png 4 355 347 61 53 33 250 18 14 249 264 20 15 565 267 19 20
pics/1413757600672.png 3 446 301 38 32 260 251 13 16 132 247 15 14
pics/1413757602288.png 1 611 305 28 31
pics/1413757605689.png 4 134 313 42 42 343 269 20 18 485 268 20 21 531 263 14 13
pics/1413757608592.png 3 226 346 62 61 416 267 22 20 559 270 24 21
pics/1413757614184.png 2 48 257 15 16 477 294 29 24
pics/1413757624144.png 2 395 281 31 28 515 251 17 16
pics/1413757630016.png 2 207 276 28 26 195 252 16 16
pics/1413757636336.png 2 223 262 23 24 326 313 48 44
pics/1413757638616.png 2 271 268 22 25 458 342 60 55
pics/1413757643824.png 3 413 290 36 30 379 253 18 17 421 250 15 18
pics/1413757648752.png 3 125 270 43 43 141 219 22 23 200 218 15 18
pics/1413757655320.png 3 519 332 47 46 492 270 22 21 546 270 16 15
pics/1413757659320.png 1 236 318 41 35
pics/1413757667104.png 3 174 314 50 48 217 255 22 21 264 252 16 17
pics/1413757712584.png 3 287 269 18 16 442 258 11 11 559 276 19 19
pics/1404934420359.png 1 394 279 86 82
pics/1404934500207.png 2 241 224 22 22 527 236 26 26
pics/1414197356023.png 3 112 233 12 10 235 234 10 10 423 238 10 12
pics/1414197357759.png 4 40 233 11 11 165 237 11 10 295 240 9 9 489 244 11 13
pics/1414197358239.png 4 49 231 10 11 177 232 12 15 308 236 12 11 503 240 12 13
pics/1414197359015.png 1 546 238 11 11
pics/1414197359559.png 1 548 239 12 12
pics/1414197360079.png 1 547 234 12 20
pics/1414197360567.png 1 547 238 14 14
pics/1414197361359.png 4 64 234 15 12 214 237 15 14 362 242 12 10 568 247 11 11
pics/1414197361727.png 4 66 240 13 13 216 244 15 12 365 246 13 12 574 251 10 12
pics/1414197362135.png 4 67 237 15 14 221 241 14 14 371 244 12 13 580 249 12 15
pics/1414197362567.png 4 65 233 13 12 221 238 15 15 373 239 13 12 585 245 11 12
pics/1414197362943.png 4 66 234 12 13 225 237 14 16 380 238 12 15 593 245 11 13
pics/1414197363391.png 4 67 233 13 14 229 239 15 15 386 243 13 13 601 250 10 10
pics/1414197364463.png 1 545 237 16 18
pics/1414197364839.png 1 545 241 16 24
pics/1414197365263.png 1 547 240 14 32
pics/1414197365640.png 1 551 241 16 25
pics/1414197365984.png 1 548 241 17 28
pics/1414197366735.png 3 81 239 16 17 275 244 18 21 441 248 16 15
pics/1414197367791.png 3 84 240 18 16 290 243 19 19 464 246 13 15
pics/1414197368223.png 3 87 237 16 17 297 242 19 21 470 247 15 15
pics/1414197368703.png 3 90 239 17 20 308 245 19 18 482 248 16 17
pics/1414197369389.png 3 93 240 18 20 320 245 20 22 496 248 15 15
pics/1414197369919.png 3 96 241 19 19 334 246 19 20 511 248 15 14
pics/1414197370591.png 3 101 243 21 22 350 249 22 22 528 250 14 17
pics/1414197370999.png 3 103 243 21 19 357 248 24 21 538 249 15 19
pics/1414197371303.png 3 105 242 21 21 365 248 22 21 544 251 16 16
pics/1414197371543.png 3 107 245 23 21 375 249 24 23 555 251 16 17
pics/1414197372327.png 1 532 247 24 26
pics/1414197372673.png 1 529 249 24 33
pics/1414197372952.png 1 528 247 28 35
pics/1414197373863.png 2 130 249 29 32 448 255 29 32
pics/1414197374151.png 2 135 249 29 34 458 256 30 38
pics/1414197374904.png 1 512 253 37 44
pics/1414197375311.png 1 507 254 37 49
pics/1414197375727.png 1 506 255 38 54
pics/1414197376703.png 2 172 257 37 37 568 262 39 41
pics/1414197377104.png 2 178 256 38 49 583 265 37 49
pics/1414197377383.png 2 187 260 38 50 605 264 38 45
pics/1414197378207.png 1 460 264 55 68
pics/1414197378591.png 1 415 265 57 81
pics/1414197378991.png 1 373 274 62 78
pics/1414197379239.png 1 359 271 63 89
pics/1414197379952.png 3 12 257 15 18 131 277 58 66 428 260 13 16
pics/1414197380199.png 3 11 258 14 16 135 277 61 71 430 257 15 15
pics/1414197380383.png 2 149 275 63 68 17 256 17 16
pics/1414197381071.png 1 223 293 101 112
pics/1414197381439.png 1 189 300 116 129
pics/1414197381695.png 1 158 304 131 141
pics/1414197382399.png 4 285 316 100 108 307 253 14 14 51 275 20 18 533 260 16 16
pics/1404934505463.png 1 297 237 32 33
pics/1404934510799.png 2 148 236 55 57 549 252 35 34
pics/1414197383368.png 2 477 339 129 127 118 279 29 26
pics/1414197384607.png 3 158 285 33 30 433 258 20 19 179 253 20 17
pics/1414197384991.png 3 171 282 34 32 449 254 18 19 187 249 20 16
pics/1414197385375.png 3 184 293 39 31 464 259 17 17 193 255 19 18
pics/1414197385847.png 3 200 293 45 38 475 259 24 21 203 251 20 20
pics/1414197386351.png 3 224 304 47 39 495 262 19 20 210 256 21 18
pics/1414197386984.png 3 251 311 62 47 510 260 33 25 221 256 23 22
pics/1414197387399.png 3 276 320 61 52 527 264 23 20 226 259 24 22
pics/1414197387775.png 3 307 329 60 52 543 263 24 21 235 257 25 24
pics/1414197388207.png 3 340 339 69 60 557 264 23 25 243 260 27 26
pics/1414197388615.png 4 385 351 72 63 571 267 25 19 253 263 25 22 35 250 18 16
pics/1414197389249.png 4 478 375 81 77 601 270 24 22 274 264 28 25 40 252 18 18
pics/1414197389807.png 4 558 398 83 75 620 272 23 27 288 268 28 25 39 253 20 17
pics/1414197390207.png 2 302 269 28 23 42 255 23 18
pics/1414197390567.png 2 318 270 29 26 44 253 18 21
pics/1414197390927.png 2 331 274 27 26 44 256 21 19
pics/1414197391279.png 2 347 278 32 26 47 258 22 20
pics/1414197391639.png 2 384 275 31 28 65 258 23 22
pics/1414197392007.png 2 400 281 31 32 71 263 23 26
pics/1414197392343.png 2 408 289 33 29 61 264 22 21
pics/1414197392711.png 2 368 287 38 34 10 259 28 23
pics/1414197392991.png 2 390 285 37 38 16 267 27 27
pics/1414197393376.png 2 432 279 43 42 33 267 29 27
pics/1414197393791.png 1 390 289 40 40
pics/1414197394647.png 1 467 284 45 42
pics/1414197396007.png 1 44 279 36 37
pics/1414197396583.png 1 99 291 40 39
pics/1414197397081.png 1 120 306 44 44
pics/1414197397535.png 1 156 317 52 47
pics/1414197397927.png 1 183 311 59 50
pics/1414197398239.png 1 192 330 60 58
pics/1414197398567.png 1 202 337 63 61
pics/1414197398807.png 1 204 339 69 65
pics/1414197399143.png 1 250 360 85 79
pics/1414197399631.png 1 300 370 86 79
pics/1414197400207.png 1 343 418 98 63
pics/1414197401575.png 1 475 278 32 31
pics/1414197401911.png 1 480 283 36 28
pics/1414197402231.png 2 475 290 32 31 614 292 23 21
pics/1414197402575.png 2 477 286 36 29 616 283 26 23
pics/1414197402871.png 2 471 279 42 36 610 279 29 25
pics/1414197403368.png 1 484 287 40 36
pics/1414197404871.png 1 493 295 43 40
pics/1414197405239.png 1 509 303 47 40
pics/1414197405567.png 1 540 300 43 42
pics/1414197405944.png 1 556 303 50 42
pics/1414197406279.png 1 572 311 44 44
pics/1414197407847.png 2 125 252 21 21 618 269 23 22
pics/1414197408207.png 1 127 256 21 22
pics/1414197408575.png 1 125 261 20 21
pics/1414197408887.png 1 126 258 25 23
pics/1414197409087.png 1 130 258 23 25
pics/1414197409927.png 1 325 289 52 47
pics/1414197410215.png 1 305 296 48 48
pics/1414197410511.png 1 284 301 61 55
pics/1414197410767.png 1 297 307 58 58
pics/1414197410986.png 1 282 312 60 54
pics/1414197411199.png 1 264 310 70 64
pics/1414197411391.png 1 260 311 66 65
pics/1414197412031.png 1 210 273 37 33
pics/1414197412360.png 1 215 276 39 31
pics/1414197412735.png 1 233 279 39 37
pics/1414197413031.png 1 229 281 43 39
pics/1414197413335.png 1 248 289 48 39
pics/1414197413607.png 1 259 290 47 39
pics/1414197416696.png 1 462 338 72 67
pics/1414197417169.png 1 529 356 75 75
pics/1414197417447.png 1 564 366 75 76
pics/1414197418200.png 1 423 283 34 29
pics/1414197418471.png 1 421 285 32 28
pics/1414197419207.png 1 365 287 34 32
pics/1414197419641.png 1 392 292 38 34
pics/1414197420415.png 1 305 291 52 52
pics/1414197420711.png 1 119 267 54 49
pics/1414197427151.png 1 473 305 45 50
pics/1414197435175.png 1 284 292 59 60
pics/1414197437871.png 1 364 283 39 45
pics/1414197441288.png 1 559 338 63 66
pics/1414197442919.png 1 569 265 31 28
pics/1414197443519.png 1 264 257 38 33
pics/1414197443847.png 1 44 242 31 29
pics/1414197445703.png 2 72 278 37 32 557 296 39 31
pics/1414197446559.png 2 395 357 82 79 37 272 32 36
pics/1414197457839.png 1 318 308 36 37
pics/1414197462591.png 1 54 399 126 81
pics/1414197466071.png 2 423 296 33 32 211 273 22 17
pics/1414197467919.png 1 330 272 27 26
pics/1414197475375.png 3 206 264 27 22 441 253 21 18 600 262 32 28
pics/1414197476583.png 2 518 357 63 67 173 281 28 23
pics/1414197477257.png 1 254 349 69 67
pics/1414197477967.png 1 120 356 81 77
pics/1414197478511.png 1 254 353 92 82
pics/1414197479703.png 2 427 292 29 29 221 281 25 21
pics/1414197480583.png 1 417 249 32 29
pics/1414787636986.png 2 267 338 58 58 430 254 40 44
pics/1414787637731.png 1 205 259 53 56
pics/1414787764331.png 1 313 268 59 56
pics/1414787764531.png 1 340 269 59 58
pics/1414787765339.png 1 311 261 47 45
pics/1414787765523.png 1 283 263 54 50
pics/1414787765747.png 1 254 263 55 52
pics/1414787765955.png 1 243 265 52 55
pics/1414787766475.png 1 283 254 55 56
pics/1414787766708.png 1 332 249 59 58
pics/1414787766931.png 1 381 254 59 60
pics/1414787767243.png 1 411 261 63 64
pics/1414787767641.png 1 400 289 69 71
pics/1414787767907.png 1 363 294 67 70
pics/1414787768146.png 1 348 292 72 67
pics/1414787768387.png 1 379 283 74 76
pics/1414787768587.png 1 402 272 74 75
pics/1414787779259.png 1 289 254 25 23
pics/1414787779467.png 1 293 249 29 26
pics/1414787779684.png 1 280 248 28 26
pics/1414787779963.png 1 250 252 32 28
pics/1414787780227.png 1 216 256 32 27
pics/1414787780507.png 1 183 254 29 28
pics/1414787780774.png 1 130 263 31 28
pics/1414787781027.png 1 96 263 31 31
pics/1414787781267.png 1 67 259 26 26
pics/1414787784811.png 1 76 273 40 37
pics/1414787784955.png 1 59 273 38 39
pics/1414787799059.png 1 443 258 29 32
pics/1414787799307.png 1 473 264 27 29
pics/1414787799547.png 1 497 276 33 31
pics/1414787799771.png 1 537 285 27 31
pics/1414787800027.png 1 587 275 29 32
pics/1414787806763.png 1 418 268 34 32
pics/1414787807011.png 1 342 269 33 31
pics/1414787807227.png 1 264 265 36 32
pics/1414787807443.png 1 191 264 28 26
pics/1414787807619.png 1 151 261 31 31
pics/1414787813267.png 1 230 254 23 21
pics/1414787817355.png 1 368 322 52 50
pics/1414787817571.png 1 386 326 56 53
pics/1414787817787.png 1 386 332 64 60
pics/1414787817947.png 1 379 339 67 64
pics/1414787828739.png 1 249 335 50 53
pics/1414787828971.png 1 379 338 55 55
pics/1414787829171.png 1 446 339 55 58
pics/1414787830283.png 1 348 327 59 60
pics/1414787833539.png 1 419 268 25 27
pics/1414787833819.png 1 385 272 27 25
pics/1414787834363.png 1 352 273 27 26
pics/1414787834627.png 1 358 276 28 27
pics/1414787834891.png 1 376 280 28 28
pics/1414787835147.png 1 402 279 31 31
pics/1414787835347.png 1 430 274 29 29
pics/1414787835555.png 1 444 272 32 29
pics/1414787835779.png 1 477 275 32 33
pics/1414787835995.png 1 515 284 36 33
pics/1414787836155.png 1 538 286 34 37
pics/1414787838907.png 1 560 323 49 54
pics/1414787839131.png 1 541 323 55 56
pics/1414787839347.png 1 526 323 55 63
pics/1414787839555.png 1 509 327 56 64
pics/1414787839747.png 1 498 328 61 66
pics/1414787839947.png 1 484 327 60 67
pics/1414787840131.png 1 475 324 63 70
pics/1414787840315.png 1 457 323 59 69
pics/1414787840507.png 1 434 318 61 65
pics/1414787840675.png 1 426 319 61 65
pics/1414787840859.png 1 415 319 64 67
pics/1414787841043.png 1 399 321 60 64
pics/1414787841235.png 1 365 323 58 61
pics/1414787841451.png 1 337 319 58 64
pics/1414787841635.png 1 269 316 56 59
pics/1414787841795.png 1 232 314 54 55
pics/1414787854067.png 1 567 257 20 18
pics/1414787854427.png 1 552 257 25 25
pics/1414787854611.png 1 564 263 25 26
pics/1414787854795.png 1 573 262 26 27
pics/1414787855107.png 1 605 258 23 23
pics/1414787856771.png 1 586 269 31 31
pics/1414787857035.png 1 586 279 32 32
pics/1414787857283.png 1 606 279 29 31
pics/1414787861323.png 1 412 301 50 52
pics/1414787861491.png 1 472 299 54 53
pics/1414787879259.png 2 72 234 20 20 175 242 37 38
pics/1414787879595.png 3 186 247 43 42 87 237 23 21 5 256 21 17
pics/1414787879915.png 4 207 251 40 38 114 238 23 22 27 258 15 16 27 236 15 15
pics/1414787880171.png 3 219 251 38 39 131 240 20 20 32 256 21 20
pics/1414787880459.png 3 42 253 20 18 145 236 21 21 227 249 44 42
pics/1414787880723.png 2 233 247 44 43 152 232 23 23
pics/1414787881011.png 2 157 229 25 20 224 240 48 48
pics/1414787881291.png 1 210 242 50 48
pics/1414787881547.png 1 189 246 52 49
pics/1414787881747.png 2 158 246 54 52 123 227 22 23
pics/1414787881939.png 2 109 226 26 23 140 248 54 52
pics/1414787886539.png 1 264 246 49 48
pics/1414787886715.png 1 229 243 48 45
pics/1414787886891.png 3 161 245 49 49 378 235 26 21 504 236 18 18
pics/1414787887051.png 3 130 248 47 47 349 237 29 26 478 237 23 21
pics/1414787887235.png 3 98 251 49 47 455 237 22 22 325 236 28 26
pics/1414788144195.png 3 363 301 38 37 300 286 32 27 96 270 25 22
pics/1414788144435.png 3 330 290 40 38 67 267 20 21 270 276 31 28
pics/1414788144667.png 2 319 284 40 36 261 269 29 28
pics/1414788144867.png 2 287 281 44 39 232 263 32 32
pics/1414788145091.png 2 275 280 39 40 219 263 29 29
pics/1414788145291.png 2 240 279 39 39 188 263 28 29
pics/1414788145483.png 2 197 292 42 38 145 280 32 29
pics/1414788145675.png 2 184 301 43 39 132 288 31 27
pics/1414788146043.png 2 180 289 38 39 125 270 34 32
pics/1414788146267.png 2 151 245 31 29 204 263 38 38
pics/1414788146451.png 2 232 262 39 42 177 245 33 32
pics/1414788146651.png 2 246 274 42 39 195 257 28 28
pics/1414788146843.png 2 276 302 44 37 222 286 31 31
pics/1414788147084.png 2 309 332 42 38 250 314 33 32
pics/1414788147923.png 2 514 268 39 37 238 256 25 20
pics/1414788148091.png 2 529 243 39 38 251 252 23 17
pics/1414788148283.png 2 533 232 38 37 254 247 22 22
pics/1414788148491.png 2 521 218 42 40 242 236 22 20
pics/1414788148723.png 2 504 237 38 40 219 246 21 18
pics/1414788148939.png 2 194 274 22 21 481 279 38 38
pics/1414788149147.png 2 470 295 38 38 181 284 20 20
pics/1414788149459.png 2 446 280 37 42 153 270 22 21
pics/1414788149691.png 2 430 251 40 40 132 253 23 22
pics/1414788149899.png 2 427 241 36 38 121 253 21 22
pics/1414788150795.png 2 230 326 67 64 191 283 44 40
pics/1414788150939.png 2 216 295 45 45 251 339 71 65
pics/1414788151163.png 2 311 366 72 66 278 318 44 45
pics/1414788151355.png 2 346 375 74 67 314 326 47 44
pics/1414788151555.png 2 408 383 79 72 379 329 50 48
pics/1414788151731.png 2 430 380 80 74 406 324 48 47
pics/1414788151948.png 2 465 382 82 80 443 318 50 54
pics/1414788152139.png 2 478 389 88 83 459 322 55 54
pics/1414788152331.png 2 482 392 88 87 462 322 58 56
pics/1414788152547.png 1 455 321 56 56
pics/1414788152747.png 2 430 329 63 55 234 275 31 31
pics/1414788152939.png 2 399 337 63 56 206 283 29 28
pics/1414788153155.png 2 383 339 66 59 190 283 32 31
pics/1414788153379.png 3 351 341 67 60 164 279 32 29 491 280 27 27
pics/1414788153531.png 3 488 280 31 27 165 278 29 32 353 343 64 61
pics/1414788153755.png 3 307 334 67 66 131 264 26 28 468 273 21 23
pics/1414788153947.png 3 278 343 71 66 110 270 26 27 454 275 23 27
pics/1414788154163.png 3 253 356 69 71 91 278 31 33 443 281 26 28
pics/1414788154371.png 3 234 361 74 75 82 280 32 33 438 280 28 31
pics/1414788154539.png 3 206 370 76 75 70 284 28 28 432 280 28 28
pics/1414788154804.png 3 177 376 86 83 60 281 31 29 433 283 28 29
pics/1414788154995.png 3 159 383 83 87 59 278 32 29 439 285 34 31
pics/1414788155211.png 2 448 284 34 34 61 275 33 31
pics/1414788155811.png 2 58 296 37 33 476 285 36 36
pics/1414788156011.png 2 457 297 42 38 31 307 36 33
pics/1414788157755.png 1 299 308 60 52
pics/1414788157939.png 1 331 321 64 52
pics/1414788158155.png 1 390 344 65 58
pics/1414788158323.png 1 426 355 66 60
pics/1414788160027.png 1 39 290 39 38
pics/1414788160195.png 1 44 318 37 39
pics/1414788160395.png 2 31 329 36 36 548 274 31 28
pics/1414788160571.png 2 4 340 36 36 525 268 31 29
pics/1414788163619.png 1 400 301 40 33
pics/1414788163827.png 1 375 276 37 36
pics/1414788163971.png 1 354 269 38 37
pics/1414788164627.png 1 5 281 29 28
pics/1414788166076.png 2 165 294 43 39 383 269 28 28
pics/1414788166267.png 2 156 312 43 42 379 289 33 32
pics/1414788166451.png 2 140 312 47 45 374 295 32 31
pics/1414788166643.png 2 132 301 45 44 372 285 33 31
pics/1414788166811.png 2 124 273 50 48 378 263 33 33
pics/1414788167011.png 2 125 267 48 49 378 262 37 34
pics/1414788167195.png 2 130 283 48 45 397 278 31 29
pics/1414788167355.png 2 134 296 45 48 405 285 34 32
pics/1414788168051.png 1 152 276 43 43
pics/1414788168243.png 1 173 306 49 47
pics/1414788168459.png 1 184 310 49 45
pics/1414788168683.png 1 208 310 50 44
pics/1414788168899.png 1 239 302 52 52
pics/1414788169116.png 1 277 303 59 50
pics/1414788169331.png 1 315 299 54 55
pics/1414788169515.png 1 327 294 59 59
pics/1414788170331.png 2 55 319 55 55 491 305 49 52
pics/1414788170532.png 2 34 327 56 54 476 307 50 49
pics/1414788170740.png 1 444 313 50 48
pics/1414788170931.png 1 410 314 48 49
pics/1414788171116.png 1 389 311 53 54
pics/1414788171315.png 1 352 307 56 52
pics/1414788171493.png 1 335 303 59 55
pics/1414788172779.png 1 234 323 61 63
pics/1414788172931.png 1 237 323 63 65
pics/1414788175523.png 2 527 289 32 33 538 251 21 23
pics/1414788175715.png 3 535 295 29 32 543 251 22 23 596 249 23 25
pics/1414788175899.png 3 542 286 31 34 551 240 25 25 603 240 27 25
pics/1414788176067.png 3 533 281 36 34 547 235 26 26 601 231 27 27
pics/1414788176379.png 3 497 292 36 37 515 241 28 28 570 240 28 32
pics/1414788176603.png 3 453 303 37 37 475 249 29 28 533 248 26 27
pics/1414788176843.png 3 388 296 40 38 423 241 26 29 482 242 28 29
pics/1414788177067.png 3 305 290 42 43 349 234 31 29 412 235 29 28
pics/1414788177291.png 3 261 289 40 38 313 235 26 27 376 236 27 27
pics/1414788177507.png 3 165 290 45 42 227 235 31 29 292 236 31 31
pics/1414788177667.png 3 87 284 43 40 158 227 32 28 222 229 33 28
pics/1414788181819.png 3 298 324 52 52 484 247 29 27 556 245 27 29
pics/1414788394243.png 1 234 308 48 48
pics/1414788394411.png 1 210 319 50 52
pics/1414788394611.png 1 162 337 54 52
pics/1414788394795.png 1 138 344 52 52
pics/1414788394980.png 1 94 355 48 53
pics/1414788395163.png 1 72 361 55 56
pics/1414788408531.png 1 246 251 28 27
pics/1414788408708.png 1 234 240 28 29
pics/1414788408971.png 1 233 226 27 29
pics/1414788409195.png 1 244 246 26 26
pics/1414788409420.png 1 269 283 28 27
pics/1414788409627.png 1 322 295 29 28
pics/1414788409859.png 1 399 295 32 31
pics/1414788410075.png 1 441 295 32 31
pics/1414788427836.png 1 251 249 26 23
pics/1414788428075.png 1 262 251 27 25
pics/1414788428371.png 1 239 265 26 27
pics/1414788428619.png 1 216 294 28 27
pics/1414788428875.png 1 194 301 31 31
pics/1414788429235.png 1 183 274 27 31
pics/1414788429619.png 1 184 276 31 33
pics/1414788430075.png 1 226 281 32 33
pics/1414788430332.png 1 267 292 34 33
pics/1414788430539.png 1 315 299 37 36
pics/1414788430731.png 1 337 295 37 37
pics/1414788430923.png 1 362 267 40 39
pics/1414788431139.png 1 362 262 39 39
pics/1414788431367.png 1 336 291 40 43
pics/1414788431587.png 1 314 305 43 42
pics/1414788431803.png 1 255 323 43 44
pics/1414788432051.png 1 185 332 47 44
pics/1414788432259.png 1 141 340 43 44
pics/1414788432475.png 1 105 322 47 45
pics/1414788432684.png 1 92 311 45 49
pics/1414788432899.png 1 61 314 48 52
pics/1414788433067.png 1 37 333 49 49
pics/1414788453219.png 1 45 259 28 27
pics/1414788453451.png 1 21 268 33 31
pics/1414788456604.png 1 521 308 54 56
pics/1414788456779.png 1 543 323 58 59
pics/1414788483795.png 1 362 254 26 26
pics/1414788484027.png 1 362 278 23 26
pics/1414788484235.png 1 354 280 25 28
pics/1414788484443.png 1 319 278 26 27
pics/1414788484675.png 1 261 278 26 27
pics/1414788484899.png 1 184 278 28 27
pics/1414788485067.png 1 141 278 25 23
pics/1414788486435.png 1 394 262 27 27
pics/1414788486643.png 1 361 281 28 27
pics/1414788486867.png 1 352 281 29 28
pics/1414788487091.png 1 369 264 27 26
pics/1414788487315.png 1 378 257 27 28
pics/1414788487547.png 1 396 257 26 28
pics/1414788487779.png 1 408 269 29 32
pics/1414788488035.png 1 427 279 31 32
pics/1414788488283.png 1 473 274 31 31
pics/1414788488491.png 1 492 273 28 26
pics/1414788488699.png 1 527 286 29 29
pics/1414788612612.png 2 302 235 26 27 494 246 22 25
pics/1414788612804.png 2 302 237 27 26 491 248 27 22
pics/1414788612939.png 2 300 234 29 28 491 245 27 27
pics/1414788613155.png 2 302 231 25 26 492 240 28 28
pics/1414788613323.png 2 298 229 27 27 492 240 28 31
pics/1414788614172.png 2 108 240 25 26 255 240 27 26
pics/1414788614395.png 3 7 248 22 26 170 248 23 26 322 245 23 26
pics/1414788614635.png 3 13 243 26 28 179 248 28 27 335 252 26 23
pics/1414788615069.png 3 54 243 26 29 228 249 28 27 385 252 26 29
pics/1414788615275.png 3 49 245 29 31 224 252 26 26 383 253 26 26
pics/1414788615475.png 3 18 243 27 31 194 251 29 28 361 257 22 26
pics/1414788615643.png 2 172 251 31 28 337 256 23 25
pics/1414788616563.png 1 433 253 33 31
pics/1414788616780.png 1 430 251 34 31
pics/1414788616979.png 1 424 246 36 34
pics/1414788617179.png 1 434 241 39 33
pics/1414788617355.png 1 432 240 38 36
pics/1414788617531.png 1 426 242 37 34
pics/1414788618675.png 1 69 249 37 33
pics/1414788618859.png 1 58 253 38 38
pics/1414788619043.png 1 48 254 34 36
pics/1414788619212.png 1 42 252 38 32
pics/1414788619995.png 2 80 247 33 34 370 257 44 39
pics/1414788620203.png 3 11 214 34 37 303 226 44 43 578 237 42 42
pics/1414788620403.png 2 259 211 47 40 538 226 43 39
pics/1414788620596.png 2 259 211 48 43 537 224 42 42
pics/1414788620795.png 2 282 264 44 43 570 279 38 42
pics/1414788620979.png 3 7 251 29 34 303 275 48 42 594 286 40 39
pics/1414788621147.png 2 17 240 39 36 325 257 48 45
pics/1414788622299.png 2 56 253 44 48 284 256 42 37
pics/1414788622483.png 2 47 263 49 48 283 262 44 40
pics/1414788622683.png 2 54 272 47 49 291 269 45 42
pics/1414788622892.png 2 42 270 47 47 278 268 43 42
pics/1414788623073.png 2 23 257 48 48 267 259 42 42
pics/1414788623219.png 2 10 254 45 52 254 257 40 42
pics/1414788624171.png 3 151 252 61 59 583 264 55 59 518 259 23 22
pics/1414788624547.png 2 130 248 65 66 589 275 54 60
pics/1414788876596.png 2 354 272 52 45 401 256 28 29
pics/1414788876836.png 2 262 278 52 42 308 257 28 28
pics/1414788878084.png 1 376 256 66 59
pics/1414788878316.png 2 446 257 65 60 435 231 32 32
pics/1414788884684.png 1 509 268 32 31
pics/1413757655320.png 3 518 331 48 47 491 268 21 23 542 265 20 20
pics/1413757659320.png 1 236 314 39 42
pics/1413757667104.png 3 179 311 39 42 214 254 24 19 268 253 14 16
pics/1413757712584.png 2 286 268 14 21 559 274 16 20
pics/1414197382703.png 1 312 320 105 94
pics/1414197382991.png 1 389 325 106 109
pics/1414197496767.png 1 100 301 45 37
pics/1414197497447.png 2 426 259 21 19 281 247 14 12
pics/1414197498543.png 2 544 247 17 14 222 222 7 8
pics/1414197500151.png 2 204 312 35 34 30 272 17 15
pics/1414197500503.png 2 186 290 35 35 16 245 16 16
pics/1414197500919.png 2 142 302 33 31 433 268 15 11
pics/1414197501351.png 2 150 285 29 36 443 249 13 13
pics/1414197502015.png 2 353 312 32 35 159 267 21 17
pics/1414197502439.png 2 186 247 13 17 529 309 36 31
pics/1414197502919.png 3 465 221 10 9 332 244 13 15 480 249 16 17
pics/1414197510295.png 3 455 279 28 26 534 258 14 14 303 250 12 11
pics/1414197510855.png 2 416 280 27 27 512 263 15 17
pics/1414197511311.png 2 378 277 26 23 486 262 10 14
pics/1414197511895.png 2 315 265 23 21 430 253 13 13
pics/1414197512343.png 2 305 266 23 25 426 257 13 13
pics/1414197512767.png 2 329 268 22 19 452 260 13 13
pics/1414197513271.png 2 352 272 18 18 479 263 10 13
pics/1414197513799.png 2 370 266 14 15 494 259 17 12
pics/1414197516775.png 2 172 247 15 13 507 263 19 15
pics/1414197517252.png 2 586 306 36 37 424 251 20 22
pics/1414197517799.png 2 501 307 37 35 375 258 19 16
pics/1414197518207.png 2 375 263 19 21 473 312 39 29
pics/1414197518671.png 2 451 299 35 40 375 262 20 16
pics/1414197519144.png 2 421 294 28 30 368 257 18 18
pics/1414197519599.png 2 394 288 26 31 359 258 17 15
pics/1414197520103.png 2 375 288 25 26 359 260 14 16
pics/1414197520551.png 2 363 281 25 27 364 257 15 15
pics/1414197520983.png 2 355 281 24 26 363 256 16 15
pics/1414197521408.png 2 338 279 28 23 358 257 14 14
pics/1414197521807.png 2 314 287 26 25 340 265 16 11
pics/1414197522295.png 2 291 269 20 23 595 274 17 19
pics/1414197522759.png 2 261 266 25 19 557 273 22 17
pics/1414197523191.png 2 267 256 19 19 557 271 21 18
pics/1414197523599.png 2 278 266 20 22 559 275 18 21
pics/1414197524032.png 3 287 271 16 16 554 275 18 22 337 251 10 14
pics/1414197524455.png 3 261 266 15 15 315 251 14 14 521 272 16 19
pics/1414197524799.png 3 477 267 18 16 222 263 17 18 281 244 14 19
pics/1414197526599.png 2 189 254 20 18 511 298 35 27
pics/1414197526983.png 2 533 301 29 25 229 258 17 17
pics/1414197533279.png 2 456 347 134 127 341 274 18 17
pics/1414197533863.png 2 365 321 110 120 339 269 16 18
pics/1414197534511.png 2 271 301 104 94 573 271 45 45
pics/1414197535103.png 2 233 297 83 76 539 280 47 37
pics/1414197535599.png 2 197 285 70 77 500 271 51 42
pics/1414197536151.png 2 108 264 59 72 406 251 42 46
pics/1414197536654.png 2 66 265 53 52 350 257 39 45
pics/1414197538415.png 3 22 255 44 37 251 254 32 25 521 256 23 23
pics/1414197538887.png 3 39 249 35 40 253 253 38 31 515 258 33 29
pics/1414197539319.png 3 38 250 33 35 244 250 29 27 497 258 27 22
pics/1414197539711.png 4 29 248 29 32 225 249 33 27 476 252 30 24 623 251 17 17
pics/1414197540143.png 4 19 246 34 30 206 246 27 24 447 251 24 26 594 252 25 19
pics/1414197540536.png 4 6 240 26 29 181 245 26 20 419 251 26 25 573 252 19 17
pics/1414197540927.png 3 156 242 31 27 388 248 28 22 543 247 20 17
pics/1414197541327.png 3 142 241 26 22 362 245 30 30 519 241 21 19
pics/1414787615126.png 1 374 271 29 22
pics/1414787618140.png 1 628 250 16 28
pics/1414787619562.png 1 458 249 35 33
pics/1414787626091.png 1 484 256 40 33
pics/1414787887403.png 3 48 249 48 51 282 232 30 29 420 226 14 27
pics/1414787887603.png 3 7 248 51 59 249 227 26 29 390 226 20 22
pics/1414787889779.png 2 238 236 30 33 425 230 17 27
pics/1414787890067.png 2 219 238 25 30 415 229 20 33
pics/1414787890523.png 2 156 231 34 30 365 225 28 28
pics/1414787891651.png 2 215 256 34 35 453 245 24 25
pics/1414787893115.png 1 127 277 63 51
pics/1414787893347.png 1 199 264 63 50
pics/1414787893547.png 1 271 260 54 61
pics/1414787893739.png 1 292 262 67 60
pics/1414787893931.png 2 347 268 62 54 478 238 12 13
pics/1414787894827.png 2 289 230 48 35 548 235 20 26
pics/1414787895011.png 2 310 236 41 34 567 237 24 36
pics/1414787895195.png 2 319 234 47 37 575 240 26 23
pics/1414787895403.png 2 337 231 47 40 596 244 21 29
pics/1414787895619.png 2 348 235 35 40 599 242 25 30
pics/1414787895811.png 2 347 235 36 35 594 245 32 26
pics/1414787896019.png 2 333 236 40 34 585 247 30 23
pics/1414787896243.png 2 557 233 23 20 301 229 34 29
pics/1414787896403.png 2 274 230 49 32 534 226 36 30
pics/1414787897219.png 1 359 248 55 35
pics/1414787897411.png 1 322 249 47 38
pics/1414787897598.png 1 303 249 37 41
pics/1414787897779.png 1 304 249 36 35
pics/1414787897971.png 1 310 236 42 37
pics/1414787898163.png 1 320 236 47 37
pics/1414787898435.png 1 342 237 42 37
pics/1414787898651.png 1 364 250 40 33
pics/1414787898835.png 2 62 241 21 22 373 252 54 39
pics/1414787915547.png 2 537 240 17 14 535 269 58 67
pics/1414787915667.png 2 555 241 15 15 559 275 57 69
pics/1414787915827.png 2 572 248 19 12 582 274 59 71
pics/1414787916003.png 2 89 229 18 16 601 243 27 19
pics/1414787916131.png 3 106 228 13 16 617 242 19 15 424 227 12 10
pics/1414787917227.png 2 124 278 90 80 173 232 39 37
pics/1414787917395.png 2 108 280 101 80 162 239 38 29
pics/1414787917547.png 2 99 284 90 70 154 239 41 26
pics/1414787917699.png 2 78 281 82 84 142 238 32 31
pics/1414787919219.png 1 106 271 35 27
pics/1414787919395.png 2 495 245 9 13 79 270 26 30
pics/1414787919947.png 2 462 241 12 13 614 257 14 19
pics/1414787920147.png 2 586 255 18 19 436 239 20 14
pics/1414787920315.png 2 425 241 10 10 460 226 8 10
pics/1414787920491.png 2 541 254 19 19 550 242 8 10
pics/1414787922443.png 2 151 220 11 9 520 243 22 24
pics/1414787922651.png 2 194 216 13 12 37 220 13 11
pics/1414787922835.png 2 245 209 9 15 80 215 14 13
pics/1414787923011.png 1 267 212 13 13
pics/1414787925781.png 2 155 232 28 29 190 268 34 31
pics/1414787925939.png 3 98 240 30 31 126 274 25 31 22 388 77 72
pics/1414787926099.png 2 64 244 26 34 84 281 35 29
pics/1414787927483.png 3 136 286 33 29 141 248 8 19 466 243 10 12
pics/1414787927699.png 2 292 235 12 16 101 235 13 11
pics/1414787927923.png 4 117 280 35 33 86 223 9 15 276 232 16 13 447 233 15 12
pics/1414787928155.png 2 418 233 15 18 247 231 17 12
pics/1414787928411.png 3 210 235 16 16 385 242 10 15 365 257 15 19
pics/1414787928643.png 2 356 243 16 13 24 295 35 24
pics/1414787929067.png 2 358 229 9 8 18 291 56 36
pics/1414787929387.png 2 73 290 51 42 229 215 15 14
pics/1414787929595.png 3 142 293 43 45 283 214 9 13 460 209 14 14
pics/1414787929819.png 2 319 212 19 15 187 300 73 40
pics/1414787930027.png 3 120 213 11 13 208 301 50 46 508 219 18 20
pics/1414787930259.png 2 121 219 13 19 213 329 66 44
pics/1414787930476.png 3 494 255 12 18 94 228 23 17 204 351 71 55
pics/1414787930659.png 2 461 256 7 10 269 239 23 18
pics/1414787930843.png 1 36 221 15 15
pics/1414787931795.png 2 401 285 29 31 520 239 16 15
pics/1414787932011.png 2 443 283 40 31 565 235 21 18
pics/1414787932203.png 2 505 291 36 32 571 250 10 10
pics/1414787932371.png 2 534 300 38 26 595 253 16 10
pics/1414787936411.png 1 272 284 45 35
pics/1414788193451.png 2 82 275 69 69 454 258 41 45
pics/1414788193651.png 3 82 282 71 64 465 259 40 54 108 353 55 56
pics/1414788193844.png 2 93 276 73 89 114 354 62 55
pics/1414788194403.png 3 168 282 86 88 167 362 72 73 597 265 31 49
pics/1414788195779.png 1 156 276 43 58
pics/1414788196459.png 1 227 254 41 65
pics/1414788196676.png 1 237 248 50 86
pics/1414788196891.png 1 216 262 62 63
pics/1414788197107.png 1 216 275 56 59
pics/1414788197347.png 1 202 283 64 73
pics/1414788197539.png 1 190 296 73 64
pics/1414788197739.png 1 197 278 65 74
pics/1414788198132.png 1 182 271 63 86
pics/1414788198363.png 1 200 284 64 67
pics/1414788207499.png 1 388 244 44 44
pics/1414788207763.png 1 410 255 39 42
pics/1414788207971.png 1 412 258 29 38
pics/1414788208171.png 1 384 254 44 40
pics/1414788208372.png 1 351 248 50 38
pics/1414788208587.png 1 329 240 45 40
pics/1414788208803.png 2 281 234 55 48 570 259 50 37
pics/1414788209011.png 2 230 241 38 44 529 260 43 46
pics/1414788209235.png 2 188 249 30 47 587 262 20 21
pics/1414788209467.png 3 148 255 32 30 439 260 31 31 548 265 18 17
pics/1414788209667.png 3 131 250 36 42 425 251 31 47 529 265 15 17
pics/1414788209883.png 3 99 245 24 33 383 247 46 52 488 258 19 22
pics/1414788210083.png 3 73 231 28 35 351 247 51 39 462 261 17 18
pics/1414788211731.png 3 156 263 34 31 438 258 36 44 541 266 25 23
pics/1414788211987.png 3 130 261 31 35 409 259 41 47 519 274 18 19
pics/1414788219739.png 2 132 242 33 49 203 241 39 35
pics/1414788219939.png 2 119 272 43 47 192 267 38 41
pics/1414788220155.png 2 108 276 43 55 181 273 35 37
pics/1414788220355.png 1 165 260 42 42
pics/1414788220563.png 2 96 264 38 50 164 260 58 42
pics/1414788220755.png 2 92 257 42 58 162 254 42 42
pics/1414788220979.png 3 27 235 15 16 106 258 44 47 179 252 29 33
pics/1414788221211.png 2 142 257 54 49 217 252 42 32
pics/1414788221411.png 2 175 266 53 49 251 265 38 48
pics/1414788221619.png 2 259 281 54 60 336 278 38 47
pics/1414788221771.png 2 309 279 62 63 385 282 51 42
pics/1414788222899.png 3 567 253 16 14 200 297 38 38 124 287 28 28
pics/1414788223083.png 3 116 257 20 33 184 279 38 41 553 245 22 20
pics/1414788223283.png 2 549 242 24 17 178 273 35 51
pics/1414788225619.png 2 352 242 63 65 139 227 17 13
pics/1414788225811.png 2 99 243 14 12 306 261 67 68
pics/1414788225955.png 2 287 276 57 56 72 246 18 17
pics/1414788624731.png 4 110 251 55 58 198 234 18 14 585 276 34 59 506 265 19 20
pics/1414788626419.png 1 155 273 64 66
pics/1414788626651.png 1 158 269 63 62
pics/1414788626867.png 1 169 273 65 56
pics/1414788627227.png 1 173 274 63 58
pics/1414788627451.png 1 181 279 71 53
pics/1414788628204.png 2 225 283 127 133 203 238 30 31
pics/1414788628403.png 2 94 292 134 127 106 244 28 21
pics/1414788628587.png 3 28 308 115 126 606 286 29 57 51 247 26 37
pics/1414788628956.png 2 191 256 22 32 474 289 68 67
pics/1414788629155.png 1 281 281 75 70
pics/1414788631676.png 1 247 278 111 93
pics/1414788631843.png 2 55 254 17 33 307 310 117 102
pics/1414788632740.png 2 66 251 15 20 311 302 120 121
pics/1414788665844.png 1 428 245 24 19
pics/1414788666579.png 1 161 224 17 16
pics/1414788667883.png 2 120 247 26 35 4 245 15 13
pics/1414788670507.png 1 360 232 21 17
pics/1414788670731.png 1 373 237 20 18
pics/1414788671052.png 2 387 234 20 20 525 242 16 21
pics/1414788671459.png 2 399 235 20 20 540 244 25 20
pics/1414788678931.png 3 361 250 23 23 520 261 29 25 79 237 19 22
pics/1414788815548.png 2 69 248 19 13 296 297 65 49
pics/1414788815708.png 2 68 245 27 23 294 298 63 50
pics/1414788815868.png 2 464 319 65 63 141 248 26 20
pics/1414788819140.png 2 301 273 48 44 118 231 11 14
pics/1414788819366.png 2 351 296 51 49 103 230 20 27
pics/1414788819580.png 2 343 296 57 58 103 237 21 19
pics/1414788821412.png 2 273 269 44 45 323 227 11 15
pics/1414788828612.png 2 106 226 21 19 188 249 23 29
pics/1414788828924.png 2 87 226 17 18 168 253 28 24
pics/1414788829176.png 2 86 227 20 19 169 252 29 27
pics/1414788830148.png 2 330 274 43 41 10 235 18 20
pics/1414788830372.png 2 296 285 41 35 259 257 24 28
pics/1414788831020.png 1 11 238 26 24
pics/1414788831500.png 1 13 236 19 25
pics/1414788832656.png 2 80 223 30 29 265 288 53 49
pics/1414788832860.png 2 86 226 18 23 267 290 50 43
pics/1414788833036.png 2 69 228 23 23 266 306 59 49
pics/1414788835276.png 2 218 242 46 37 408 244 31 25
pics/1414788835500.png 2 192 243 29 40 377 242 36 29
pics/1414788835708.png 2 171 246 39 37 371 242 29 34
pics/1414788835924.png 2 173 246 37 39 369 243 36 32
pics/1414788836332.png 2 187 253 43 44 398 247 28 28
pics/1414788836540.png 2 189 250 41 39 393 245 35 34
pics/1414788837884.png 1 102 255 41 31
pics/1414788838124.png 1 106 255 36 38
pics/1414788838356.png 1 123 240 54 54
pics/1414788838588.png 1 122 243 52 50
pics/1414788839836.png 2 20 242 40 43 485 237 50 73
pics/1414788841692.png 1 257 262 75 69
pics/1414788841836.png 1 404 283 89 91
pics/1414788854868.png 1 441 261 58 71
pics/1414788855804.png 1 499 238 36 49
pics/1414788856020.png 1 466 246 38 44
pics/1414788856228.png 1 437 245 53 47
pics/1414788856668.png 2 162 255 68 54 392 241 59 58
pics/1414788856884.png 2 173 258 50 49 390 242 52 43
pics/1414788857692.png 2 317 246 42 32 584 237 12 18
pics/1414788857876.png 3 304 241 50 39 497 236 23 19 574 233 16 16
