pics/1404934420359.png 1 394 279 86 82
pics/1404934500207.png 2 241 224 22 22 527 236 26 26
pics/1414197356023.png 3 112 233 12 10 235 234 10 10 423 238 10 12
pics/1414197357759.png 4 40 233 11 11 165 237 11 10 295 240 9 9 489 244 11 13
pics/1414197358239.png 4 49 231 10 11 177 232 12 15 308 236 12 11 503 240 12 13
pics/1414197359015.png 1 546 238 11 11
pics/1414197359559.png 1 548 239 12 12
pics/1414197360079.png 1 547 234 12 20
pics/1414197360567.png 1 547 238 14 14
pics/1414197361359.png 4 64 234 15 12 214 237 15 14 362 242 12 10 568 247 11 11
pics/1414197361727.png 4 66 240 13 13 216 244 15 12 365 246 13 12 574 251 10 12
pics/1414197362135.png 4 67 237 15 14 221 241 14 14 371 244 12 13 580 249 12 15
pics/1414197362567.png 4 65 233 13 12 221 238 15 15 373 239 13 12 585 245 11 12
pics/1414197362943.png 4 66 234 12 13 225 237 14 16 380 238 12 15 593 245 11 13
pics/1414197363391.png 4 67 233 13 14 229 239 15 15 386 243 13 13 601 250 10 10
pics/1414197364463.png 1 545 237 16 18
pics/1414197364839.png 1 545 241 16 24
pics/1414197365263.png 1 547 240 14 32
pics/1414197365640.png 1 551 241 16 25
pics/1414197365984.png 1 548 241 17 28
pics/1414197366735.png 3 81 239 16 17 275 244 18 21 441 248 16 15
pics/1414197367791.png 3 84 240 18 16 290 243 19 19 464 246 13 15
pics/1414197368223.png 3 87 237 16 17 297 242 19 21 470 247 15 15
pics/1414197368703.png 3 90 239 17 20 308 245 19 18 482 248 16 17
pics/1414197369389.png 3 93 240 18 20 320 245 20 22 496 248 15 15
pics/1414197369919.png 3 96 241 19 19 334 246 19 20 511 248 15 14
pics/1414197370591.png 3 101 243 21 22 350 249 22 22 528 250 14 17
pics/1414197370999.png 3 103 243 21 19 357 248 24 21 538 249 15 19
pics/1414197371303.png 3 105 242 21 21 365 248 22 21 544 251 16 16
pics/1414197371543.png 3 107 245 23 21 375 249 24 23 555 251 16 17
pics/1414197372327.png 1 532 247 24 26
pics/1414197372673.png 1 529 249 24 33
pics/1414197372952.png 1 528 247 28 35
pics/1414197373863.png 2 130 249 29 32 448 255 29 32
pics/1414197374151.png 2 135 249 29 34 458 256 30 38
pics/1414197374904.png 1 512 253 37 44
pics/1414197375311.png 1 507 254 37 49
pics/1414197375727.png 1 506 255 38 54
pics/1414197376703.png 2 172 257 37 37 568 262 39 41
pics/1414197377104.png 2 178 256 38 49 583 265 37 49
pics/1414197377383.png 2 187 260 38 50 605 264 38 45
pics/1414197378207.png 1 460 264 55 68
pics/1414197378591.png 1 415 265 57 81
pics/1414197378991.png 1 373 274 62 78
pics/1414197379239.png 1 359 271 63 89
pics/1414197379952.png 3 12 257 15 18 131 277 58 66 428 260 13 16
pics/1414197380199.png 3 11 258 14 16 135 277 61 71 430 257 15 15
pics/1414197380383.png 2 149 275 63 68 17 256 17 16
pics/1414197381071.png 1 223 293 101 112
pics/1414197381439.png 1 189 300 116 129
pics/1414197381695.png 1 158 304 131 141
pics/1414197382399.png 4 285 316 100 108 307 253 14 14 51 275 20 18 533 260 16 16
