pics/1413757655320.png 3 518 331 48 47 491 268 21 23 542 265 20 20
pics/1413757659320.png 1 236 314 39 42
pics/1413757667104.png 3 179 311 39 42 214 254 24 19 268 253 14 16
pics/1413757712584.png 2 286 268 14 21 559 274 16 20
pics/1414197382703.png 1 312 320 105 94
pics/1414197382991.png 1 389 325 106 109
pics/1414197496767.png 1 100 301 45 37
pics/1414197497447.png 2 426 259 21 19 281 247 14 12
pics/1414197498543.png 2 544 247 17 14 222 222 7 8
pics/1414197500151.png 2 204 312 35 34 30 272 17 15
pics/1414197500503.png 2 186 290 35 35 16 245 16 16
pics/1414197500919.png 2 142 302 33 31 433 268 15 11
pics/1414197501351.png 2 150 285 29 36 443 249 13 13
pics/1414197502015.png 2 353 312 32 35 159 267 21 17
pics/1414197502439.png 2 186 247 13 17 529 309 36 31
pics/1414197502919.png 3 465 221 10 9 332 244 13 15 480 249 16 17
pics/1414197510295.png 3 455 279 28 26 534 258 14 14 303 250 12 11
pics/1414197510855.png 2 416 280 27 27 512 263 15 17
pics/1414197511311.png 2 378 277 26 23 486 262 10 14
pics/1414197511895.png 2 315 265 23 21 430 253 13 13
pics/1414197512343.png 2 305 266 23 25 426 257 13 13
pics/1414197512767.png 2 329 268 22 19 452 260 13 13
pics/1414197513271.png 2 352 272 18 18 479 263 10 13
pics/1414197513799.png 2 370 266 14 15 494 259 17 12
pics/1414197516775.png 2 172 247 15 13 507 263 19 15
pics/1414197517252.png 2 586 306 36 37 424 251 20 22
pics/1414197517799.png 2 501 307 37 35 375 258 19 16
pics/1414197518207.png 2 375 263 19 21 473 312 39 29
pics/1414197518671.png 2 451 299 35 40 375 262 20 16
pics/1414197519144.png 2 421 294 28 30 368 257 18 18
pics/1414197519599.png 2 394 288 26 31 359 258 17 15
pics/1414197520103.png 2 375 288 25 26 359 260 14 16
pics/1414197520551.png 2 363 281 25 27 364 257 15 15
pics/1414197520983.png 2 355 281 24 26 363 256 16 15
pics/1414197521408.png 2 338 279 28 23 358 257 14 14
pics/1414197521807.png 2 314 287 26 25 340 265 16 11
pics/1414197522295.png 2 291 269 20 23 595 274 17 19
pics/1414197522759.png 2 261 266 25 19 557 273 22 17
pics/1414197523191.png 2 267 256 19 19 557 271 21 18
pics/1414197523599.png 2 278 266 20 22 559 275 18 21
pics/1414197524032.png 3 287 271 16 16 554 275 18 22 337 251 10 14
pics/1414197524455.png 3 261 266 15 15 315 251 14 14 521 272 16 19
pics/1414197524799.png 3 477 267 18 16 222 263 17 18 281 244 14 19
pics/1414197526599.png 2 189 254 20 18 511 298 35 27
pics/1414197526983.png 2 533 301 29 25 229 258 17 17
pics/1414197533279.png 2 456 347 134 127 341 274 18 17
pics/1414197533863.png 2 365 321 110 120 339 269 16 18
pics/1414197534511.png 2 271 301 104 94 573 271 45 45
pics/1414197535103.png 2 233 297 83 76 539 280 47 37
pics/1414197535599.png 2 197 285 70 77 500 271 51 42
pics/1414197536151.png 2 108 264 59 72 406 251 42 46
pics/1414197536654.png 2 66 265 53 52 350 257 39 45
pics/1414197538415.png 3 22 255 44 37 251 254 32 25 521 256 23 23
pics/1414197538887.png 3 39 249 35 40 253 253 38 31 515 258 33 29
pics/1414197539319.png 3 38 250 33 35 244 250 29 27 497 258 27 22
pics/1414197539711.png 4 29 248 29 32 225 249 33 27 476 252 30 24 623 251 17 17
pics/1414197540143.png 4 19 246 34 30 206 246 27 24 447 251 24 26 594 252 25 19
pics/1414197540536.png 4 6 240 26 29 181 245 26 20 419 251 26 25 573 252 19 17
pics/1414197540927.png 3 156 242 31 27 388 248 28 22 543 247 20 17
pics/1414197541327.png 3 142 241 26 22 362 245 30 30 519 241 21 19
