pics/1414787639250.png 1 312 264 64 62
pics/1414787639563.png 1 259 263 68 71
pics/1414787682547.png 1 117 273 37 31
pics/1414787682707.png 1 97 279 36 31
pics/1414787683651.png 1 205 274 31 26
pics/1414787683851.png 1 189 278 34 28
pics/1414787684051.png 1 183 282 35 33
pics/1414787684258.png 1 178 285 40 32
pics/1414787684451.png 1 180 283 41 39
pics/1414787684643.png 1 178 290 43 36
pics/1414787684803.png 1 178 293 39 33
pics/1414787685627.png 1 139 313 68 47
pics/1414787685819.png 1 139 315 74 45
pics/1414787686019.png 1 139 315 71 47
pics/1414787686203.png 1 152 315 58 54
pics/1414787686707.png 1 197 333 77 56
pics/1414787688051.png 1 203 326 71 63
pics/1414787688267.png 1 232 330 70 64
pics/1414787688467.png 1 250 334 70 57
pics/1414787699163.png 1 321 267 28 28
pics/1414787699387.png 1 304 270 27 24
pics/1414787699581.png 1 256 272 28 26
pics/1414787699763.png 1 245 276 27 27
pics/1414787699931.png 1 244 276 28 28
pics/1414787700107.png 1 233 286 31 28
pics/1414787700283.png 1 231 286 33 30
pics/1414787700603.png 1 258 285 32 31
pics/1414787700787.png 2 285 289 36 32 399 243 28 26
pics/1414787701602.png 3 467 292 49 45 505 225 29 24 289 224 30 29
pics/1414787701779.png 3 511 302 51 47 537 231 28 21 320 232 35 30
pics/1414787701963.png 2 392 244 31 29 603 241 26 21
pics/1414787702171.png 2 466 241 29 29 6 234 30 25
pics/1414787702379.png 2 67 229 28 23 540 242 32 30
pics/1414787702587.png 1 135 233 28 25
pics/1414787702787.png 1 165 237 30 26
pics/1414787702987.png 2 51 302 43 44 225 236 31 28
pics/1414787703178.png 2 248 233 29 25 73 302 42 33
pics/1414787703379.png 2 101 302 47 44 276 231 31 30
pics/1414787703595.png 2 282 235 33 32 104 305 49 46
pics/1414787703795.png 2 102 307 46 50 277 238 33 29
pics/1414787703955.png 2 252 232 31 31 66 305 49 46
pics/1414787704203.png 2 44 302 50 50 231 229 29 31
pics/1414787704659.png 1 110 230 33 30
pics/1414787704923.png 1 549 255 35 33
pics/1414787705355.png 1 435 258 35 35
pics/1414787707675.png 2 358 257 38 33 615 248 25 29
pics/1414787707923.png 2 559 249 28 25 295 256 38 37
pics/1414787708155.png 2 254 257 39 40 520 251 27 29
pics/1414787708386.png 2 512 254 26 28 242 263 37 34
pics/1414787708611.png 2 242 263 39 34 512 256 26 24
pics/1414787708835.png 2 550 246 23 27 273 254 41 38
pics/1414787709075.png 2 298 253 37 39 569 246 27 25
pics/1414787709323.png 1 391 257 41 38
pics/1414787709539.png 1 467 261 41 42
pics/1414787709747.png 1 536 256 47 42
pics/1414787709963.png 1 599 257 44 45
pics/1414787710499.png 1 24 252 40 36
pics/1414787710755.png 1 58 247 41 40
pics/1414787711571.png 1 131 251 41 40
pics/1414787712459.png 2 248 268 63 61 528 252 32 33
pics/1414787712643.png 2 267 269 63 59 547 254 32 31
pics/1414787712843.png 2 277 266 64 60 555 248 32 32
pics/1414787713042.png 2 301 271 66 63 574 249 34 34
pics/1414787713235.png 2 331 283 67 63 601 257 29 30
pics/1414787713418.png 1 346 285 69 64
pics/1414787713595.png 1 383 282 69 69
pics/1414787713779.png 1 398 281 72 67
pics/1414787713947.png 1 436 284 72 70
pics/1414787714115.png 1 456 287 66 70
pics/1414787714371.png 1 476 291 73 74
pics/1414787715227.png 1 86 260 61 55
pics/1414787715411.png 1 59 263 58 57
pics/1414787715539.png 1 42 263 61 57
pics/1414787716730.png 1 232 270 30 28
pics/1414787716948.png 1 298 275 29 30
pics/1414787717187.png 1 313 277 30 31
pics/1414787717379.png 1 327 285 31 32
pics/1414787717595.png 1 322 301 33 36
pics/1414787717811.png 1 308 306 36 33
pics/1414787718019.png 1 281 305 35 36
pics/1414787718235.png 1 265 303 36 37
pics/1414787718427.png 1 222 304 39 42
pics/1414787718587.png 1 213 307 41 41
pics/1414787718827.png 1 202 310 42 45
pics/1414787719027.png 1 199 316 48 47
pics/1414787719275.png 1 209 324 50 53
pics/1414787719491.png 1 225 334 55 55
pics/1414787719707.png 1 240 335 55 59
pics/1414787719931.png 1 275 339 59 61
pics/1414787720131.png 1 317 344 65 64
pics/1414787722851.png 2 129 248 27 26 473 323 53 56
pics/1414787723074.png 2 77 258 28 27 408 336 64 56
pics/1414787723291.png 2 348 357 62 52 30 270 26 26
pics/1414787942971.png 2 261 285 32 33 523 253 32 34
pics/1414787943739.png 2 216 247 39 36 579 305 43 42
pics/1414787943923.png 2 595 311 40 42 220 249 42 39
pics/1414787944115.png 1 222 247 40 42
pics/1414787944291.png 1 210 244 46 44
pics/1414787944467.png 1 202 244 45 46
pics/1414787945179.png 1 378 247 53 55
pics/1414787945355.png 1 321 245 57 56
pics/1414787945571.png 1 267 246 58 51
pics/1414787945796.png 1 239 247 55 52
pics/1414787946005.png 1 190 249 60 58
pics/1414787946195.png 1 155 252 64 56
pics/1414787946371.png 1 145 259 65 58
pics/1414787946571.png 1 144 271 62 61
pics/1414787946763.png 1 156 274 69 64
pics/1414787946955.png 1 171 277 67 67
pics/1414787947139.png 1 197 278 72 67
pics/1414787947315.png 1 208 276 72 71
pics/1414787947571.png 1 228 271 78 72
pics/1414787948443.png 1 494 286 91 88
pics/1414787948595.png 1 526 289 89 87
pics/1414787956851.png 1 160 315 57 54
pics/1414787957051.png 1 164 315 59 56
pics/1414787957259.png 1 182 317 60 58
pics/1414787957467.png 2 211 322 63 57 442 262 25 24
pics/1414787957651.png 2 230 327 64 59 455 262 27 24
pics/1414787957827.png 2 279 332 63 65 487 261 26 25
pics/1414787958043.png 2 331 340 72 65 527 261 28 29
pics/1414787958211.png 2 361 343 83 69 548 262 30 27
pics/1414787966164.png 1 536 290 30 29
pics/1414787966395.png 1 550 284 37 31
pics/1414787966563.png 1 566 280 33 31
pics/1414787968123.png 1 507 287 33 36
pics/1414787969843.png 1 336 286 35 34
pics/1414787969972.png 1 369 286 38 34
pics/1414787970131.png 1 380 286 37 36
pics/1414787970331.png 1 395 286 37 35
pics/1414787970531.png 1 402 283 37 36
pics/1414787970715.png 1 415 280 40 36
pics/1414787970939.png 1 445 285 41 41
pics/1414787971131.png 1 465 290 41 34
pics/1414787971331.png 1 520 288 43 41
pics/1414787975539.png 1 458 326 55 48
pics/1414787975779.png 1 413 325 56 49
pics/1414787975995.png 1 380 318 58 50
pics/1414787976211.png 1 371 315 56 52
pics/1414787976411.png 1 355 316 62 52
pics/1414787976619.png 1 362 316 61 51
pics/1414787976811.png 1 370 312 63 53
pics/1414787977003.png 1 402 316 59 52
pics/1414787977211.png 1 435 320 62 54
pics/1414787977387.png 1 456 320 61 57
pics/1414787977555.png 1 477 320 61 56
pics/1414787977731.png 1 520 323 63 54
pics/1414788093212.png 1 193 282 33 31
pics/1414788093427.png 1 199 285 32 28
pics/1414788093597.png 1 201 280 34 31
pics/1414788093771.png 1 211 271 34 30
pics/1414788093939.png 1 219 269 30 30
pics/1414788094107.png 1 227 270 34 31
pics/1414788094291.png 1 234 271 36 34
pics/1414788094483.png 1 257 284 34 33
pics/1414788095283.png 1 515 255 26 25
pics/1414788097091.png 1 491 283 35 35
pics/1414788097315.png 1 452 287 39 34
pics/1414788097515.png 1 371 303 35 33
pics/1414788097715.png 1 279 319 40 33
pics/1414788097915.png 1 240 326 39 32
pics/1414788098099.png 1 173 314 38 33
pics/1414788098555.png 1 113 284 38 35
pics/1414788099531.png 1 326 275 31 27
pics/1414788099691.png 1 363 273 32 28
pics/1414788101595.png 1 492 294 48 46
pics/1414788101795.png 1 421 296 46 47
pics/1414788102171.png 1 311 313 45 45
pics/1414788102371.png 1 273 315 49 45
pics/1414788102555.png 1 208 315 49 45
pics/1414788102732.png 1 178 310 47 49
pics/1414788102907.png 1 117 298 49 46
pics/1414788103059.png 1 90 296 48 47
pics/1414788105035.png 1 120 297 32 30
pics/1414788105428.png 1 224 277 35 30
pics/1414788227963.png 1 311 298 84 80
pics/1414788228131.png 1 338 299 84 84
pics/1414788228315.png 1 368 275 83 81
pics/1414788229227.png 1 319 299 102 96
pics/1414788229420.png 1 288 310 104 95
pics/1414788229635.png 1 199 331 106 101
pics/1414788229803.png 1 161 324 107 98
pics/1414788231379.png 1 507 301 80 79
pics/1414788231579.png 1 513 303 81 79
pics/1414788231875.png 1 542 299 83 86
pics/1414788233947.png 1 380 301 115 109
pics/1414788236019.png 1 436 293 39 40
pics/1414788236244.png 1 418 287 44 45
pics/1414788236459.png 1 380 284 43 41
pics/1414788236659.png 1 356 289 42 39
pics/1414788236915.png 1 294 295 43 40
pics/1414788245596.png 1 343 271 36 38
pics/1414788245787.png 1 406 278 34 34
pics/1414788245963.png 1 440 279 38 35
pics/1414788246155.png 2 48 284 32 32 526 283 38 34
pics/1414788247779.png 1 208 264 36 36
pics/1414788247985.png 1 190 262 36 34
pics/1414788248123.png 1 144 269 35 37
pics/1414788249419.png 1 240 262 39 37
pics/1414788249611.png 1 213 255 39 39
pics/1414788249771.png 2 181 253 38 34 366 254 34 34
pics/1414788250027.png 2 179 252 38 39 365 255 33 32
pics/1414788250195.png 2 183 260 37 39 369 261 31 32
pics/1414788250379.png 2 194 282 37 37 378 275 32 35
pics/1414788250579.png 2 199 289 39 38 385 280 33 34
pics/1414788254636.png 1 290 274 40 43
pics/1414788254827.png 1 248 255 46 48
pics/1414788255003.png 1 240 249 42 46
pics/1414788255179.png 1 228 249 43 47
pics/1414788255371.png 1 228 258 45 50
pics/1414788255643.png 1 246 284 43 47
pics/1414788256124.png 1 336 301 45 48
pics/1414788256347.png 1 411 293 43 53
pics/1414788256539.png 1 478 289 45 45
pics/1414788256763.png 1 540 296 44 44
pics/1414788257451.png 1 380 285 30 26
pics/1414788257707.png 1 471 268 32 28
pics/1414788257923.png 1 503 275 34 27
pics/1414788258123.png 2 75 282 33 39 572 287 32 36
pics/1414788258875.png 1 103 300 35 43
pics/1414788259867.png 1 449 281 37 31
pics/1414788260099.png 1 431 261 40 32
pics/1414788260323.png 1 434 275 41 35
pics/1414788260547.png 1 460 299 41 35
pics/1414788261539.png 1 182 307 35 42
pics/1414788261763.png 1 270 296 39 42
pics/1414788261987.png 2 57 307 31 37 326 291 39 42
pics/1414788262179.png 2 90 309 33 37 365 304 37 38
pics/1414788262379.png 2 104 300 32 36 378 304 40 42
pics/1414788262587.png 2 110 271 33 35 385 284 40 44
pics/1414788262851.png 2 103 247 30 38 379 266 40 46
pics/1414788263147.png 2 78 273 30 37 352 283 39 46
pics/1414788263435.png 2 45 293 30 39 311 297 42 47
pics/1414788263667.png 1 260 303 39 42
pics/1414788264363.png 3 20 295 43 38 205 247 25 26 559 266 22 30
pics/1414788264507.png 2 174 252 21 22 529 271 18 20
pics/1414788265827.png 4 584 311 45 36 382 268 23 23 352 250 21 17 158 242 22 19
pics/1414788267243.png 4 3 285 17 19 201 283 22 18 231 301 23 23 467 343 56 39
pics/1414788267436.png 4 600 335 43 40 352 287 30 24 325 266 20 19 115 269 22 18
pics/1414788267667.png 3 232 249 20 18 442 256 20 15 475 276 25 21
pics/1414788267875.png 3 527 279 27 26 493 261 22 19 285 254 21 18
pics/1414788268579.png 4 247 292 36 40 13 267 27 30 123 250 16 16 556 276 20 22
pics/1414788268795.png 3 332 300 38 35 94 276 28 29 205 257 16 17
pics/1414788269003.png 2 181 279 26 27 422 304 35 35
pics/1414788269195.png 3 226 279 25 28 332 261 17 17 464 306 35 36
pics/1414788270627.png 1 572 293 35 34
pics/1414788276611.png 1 220 296 46 40
pics/1414788276827.png 1 212 320 47 40
pics/1414788277004.png 1 206 331 50 42
pics/1414788277187.png 1 200 344 49 41
pics/1414788277395.png 1 201 343 49 44
pics/1414788277595.png 1 227 338 50 47
pics/1414788277779.png 1 273 343 54 51
pics/1414788279899.png 3 24 229 19 20 305 251 38 33 397 276 31 23
pics/1414788280163.png 3 410 277 29 21 313 249 40 34 33 223 20 21
pics/1414788280387.png 3 47 229 24 23 331 249 41 32 428 276 31 22
pics/1414788280595.png 3 442 278 29 22 344 253 41 36 57 237 22 25
pics/1414788280796.png 3 81 248 22 22 368 260 43 37 469 284 31 24
pics/1414788281003.png 3 135 239 20 20 428 251 42 35 528 275 30 23
pics/1414788281203.png 3 173 233 23 20 470 249 41 34 570 274 33 27
pics/1414788281459.png 3 43 255 17 18 249 244 23 18 549 265 42 36
pics/1414788283035.png 3 149 272 19 20 295 269 19 17 514 251 24 19
pics/1414788283263.png 3 118 267 19 18 264 266 18 17 485 252 23 18
pics/1414788283491.png 4 58 252 20 19 202 254 20 18 305 232 19 14 426 246 25 18
pics/1414788285451.png 3 84 231 21 19 412 263 46 42 522 299 35 29
pics/1414788285635.png 3 519 298 38 31 407 265 48 43 78 235 24 22
pics/1414788285819.png 3 75 245 24 20 408 269 48 41 521 302 36 29
pics/1414788286019.png 3 523 300 36 31 406 267 48 43 72 247 25 21
pics/1414788860332.png 3 173 246 44 39 367 236 30 38 531 231 21 23
pics/1414788860564.png 3 172 246 42 51 366 235 31 35 533 231 18 21
pics/1414788860796.png 3 171 245 48 47 367 236 31 33 531 231 20 24
pics/1414788861020.png 3 532 231 19 24 367 235 31 35 172 246 46 49
pics/1414788862212.png 2 438 258 45 46 598 249 28 33
pics/1414788871964.png 3 418 259 33 35 511 248 24 28 622 240 14 22
pics/1414788872228.png 3 621 240 15 22 512 249 22 28 418 260 34 35
pics/1414788872476.png 3 286 264 34 36 384 253 23 24 496 248 16 19
