pics/1404934388167.png
pics/1404934414191.png 398 231 42 42 351 189 42 106
pics/1404934514327.png 295 248 46 46
pics/1404934518527.png 348 267 85 85
pics/1404934536463.png 130 232 42 42
pics/1404934625679.png
pics/1404934628815.png
pics/1404934635991.png
pics/1404934639463.png
pics/1404934643015.png
pics/1404934655343.png
pics/1404934663863.png
pics/1404934691791.png 129 258 44 44
pics/1404934697527.png
pics/1404934703887.png 178 221 43 43 455 251 49 49
pics/1404934706671.png 91 256 60 60
pics/1404934716679.png
pics/1404934917167.png
pics/1404934921904.png
pics/1404934926920.png
pics/1404934935456.png 140 189 40 102 132 159 56 142
pics/1404934939176.png 174 172 57 144
pics/1404934954384.png
pics/1404934959264.png
pics/1404934962775.png
pics/1404934967496.png
pics/1404934972056.png 256 190 34 86 7 187 36 92
pics/1404934975472.png 388 192 37 93 87 187 43 109
pics/1404934981968.png 422 253 43 43 131 241 41 41 329 199 53 132
pics/1404934989928.png 442 258 41 41
pics/1404934992888.png 90 244 41 41 408 259 45 45 289 202 56 140
pics/1404934995599.png 163 260 47 47 453 275 41 41 529 200 51 127 20 194 63 158
pics/1404934998528.png 162 261 48 48 563 192 56 139 11 215 58 144
pics/1404935001048.png 75 251 56 56 413 272 42 42 536 198 54 135
pics/1404935003799.png 230 277 45 45 360 171 75 187
pics/1404935007279.png 281 283 49 49 412 259 41 41 542 200 67 168
pics/1404935010031.png 463 297 53 53
pics/1404935012599.png 415 262 40 40 351 304 63 63
pics/1404935015615.png 503 259 41 41 494 311 76 76
pics/1404935128216.png
pics/1404935135024.png
pics/1404935144783.png 532 299 43 43 82 334 56 56
pics/1404935150623.png
pics/1404935167776.png 283 285 42 42
pics/1404935171488.png 513 380 74 74
pics/1404935174751.png 124 246 45 45
pics/1404935177959.png 335 270 50 50
pics/1404935180480.png 196 260 42 42
pics/1404935184807.png 299 251 42 42
pics/1404935188624.png 345 265 46 46
pics/1404935191928.png 510 280 59 59
pics/1404935329152.png
pics/1404935365960.png
pics/1404935372168.png 64 293 43 43
pics/1404935900353.png 386 151 48 120
pics/1404935920184.png 583 251 54 54
pics/1404935942065.png
pics/1404935950641.png
pics/1404936152084.png 434 183 41 104 405 160 65 163
pics/1404936330740.png 59 151 41 104
pics/1404936344412.png 106 173 39 98
pics/1404936352356.png 521 259 86 86
pics/1404936355580.png 597 267 43 43 204 273 105 105
pics/1404936378148.png 277 226 44 44 21 243 61 61
pics/1404936381884.png 503 261 103 103 307 151 38 94
pics/1404936385316.png 126 153 49 123
pics/1404936388955.png 526 197 48 120
pics/1413757143224.png 148 214 42 106
pics/1413757422256.png 2 219 34 86 420 231 35 88 19 191 34 86 167 234 36 91
pics/1413757434368.png 30 189 36 91 225 197 35 88 222 251 36 90
pics/1413757448464.png 248 286 174 174 384 190 51 127
pics/1413757499128.png 258 359 111 111 497 200 45 113
pics/1413757503488.png 327 294 41 41 348 238 55 55 312 192 50 126 312 353 35 88
pics/1413757548136.png 358 243 43 43 505 226 51 126 497 193 65 162
pics/1413757558920.png 500 250 47 47
pics/1413757567976.png 127 274 66 66 433 224 49 123
pics/1413757570688.png 200 291 104 104 217 429 45 45 495 221 37 93
pics/1413757580009.png 176 289 43 43
pics/1413757582680.png 233 307 45 45
pics/1413757585488.png 294 325 53 53 539 153 72 179
pics/1413757586816.png 355 343 64 64
pics/1413757600672.png 441 296 47 47 94 180 38 95
pics/1413757602288.png
pics/1413757605689.png 129 310 48 48 305 258 116 116
pics/1413757608592.png 218 340 76 76
pics/1413757614184.png 470 288 42 42 562 249 47 47
pics/1413757624144.png 387 276 43 43 389 310 41 41 352 216 37 92
pics/1413757630016.png 201 271 40 40 384 244 37 91
pics/1413757636336.png 387 232 41 41 405 234 43 43 491 238 45 45 324 312 50 50 370 251 33 84
pics/1413757638616.png 459 343 59 59 386 245 34 84
pics/1413757643824.png 409 286 41 41 311 230 48 48 537 176 57 143
pics/1413757648752.png 120 267 49 49
pics/1404934388167.png
pics/1404934414191.png 398 231 42 42 351 189 42 106
pics/1404934420359.png 391 276 94 94
pics/1404934500207.png 518 231 41 41
pics/1404934505463.png
pics/1404934510799.png 545 250 43 43 149 237 54 54
pics/1404934514327.png 295 248 46 46
pics/1404934518527.png 348 267 85 85
pics/1404934536463.png 130 232 42 42
pics/1404934619951.png
pics/1404934625679.png
pics/1404934635991.png
pics/1404934639463.png
pics/1404934655343.png
pics/1404934663863.png
pics/1404934691791.png 129 258 44 44
pics/1404934697527.png
pics/1404934703887.png 178 221 43 43 455 251 49 49
pics/1404934706671.png 91 256 60 60
pics/1404934716679.png
pics/1404934917167.png
pics/1404934921904.png
pics/1404934926920.png
pics/1404934935456.png 140 189 40 102 132 159 56 142
pics/1404934939176.png 174 172 57 144
pics/1404934954384.png
pics/1404934959264.png
pics/1404934962775.png
pics/1404934967496.png
pics/1404934972056.png 256 190 34 86 7 187 36 92
pics/1404934975472.png 388 192 37 93 87 187 43 109
pics/1404934981968.png 422 253 43 43 131 241 41 41 329 199 53 132
pics/1404934989928.png 442 258 41 41
pics/1404934992888.png 408 259 45 45 90 244 41 41 289 202 56 140
pics/1404934995599.png 163 260 47 47 453 275 41 41 529 200 51 127 20 194 63 158
pics/1404934998528.png 162 261 48 48 11 215 58 144 563 192 56 139
pics/1404935001048.png 75 251 56 56 413 272 42 42 536 198 54 135
pics/1404935003799.png 230 277 45 45 360 171 75 187
pics/1404935007279.png 281 283 49 49 412 259 41 41 542 200 67 168
pics/1404935010031.png 463 297 53 53
pics/1404935012599.png 415 262 40 40 351 304 63 63
pics/1404935015615.png 503 259 41 41 494 311 76 76
pics/1404935128216.png
pics/1404935135024.png
pics/1404935144783.png 82 334 56 56 532 299 43 43
pics/1404935150623.png
pics/1404935167776.png 283 285 42 42
pics/1404935171488.png 513 380 74 74
pics/1404935174751.png 124 246 45 45
pics/1404935177959.png 335 270 50 50
pics/1404935180480.png 196 260 42 42
pics/1404935184807.png 299 251 42 42
pics/1404935188624.png 345 265 46 46
pics/1404935191928.png 510 280 59 59
pics/1404935318424.png
pics/1404935329152.png
pics/1404935365960.png
pics/1404935372168.png 64 293 43 43
pics/1404935893617.png
pics/1404935900353.png 386 151 48 120
pics/1404935920184.png 583 251 54 54
pics/1404935942065.png
pics/1404935950641.png
pics/1404936152084.png 434 183 41 104 405 160 65 163
pics/1404936330740.png 59 151 41 104
pics/1404936344412.png 106 173 39 98
pics/1404936352356.png 521 259 86 86
pics/1404936355580.png 597 267 43 43 204 273 105 105
pics/1404936378148.png 277 226 44 44 21 243 61 61
pics/1404936381884.png 503 261 103 103 307 151 38 94
pics/1404936385316.png 126 153 49 123
pics/1404936388955.png 526 197 48 120
pics/1413757143224.png 148 214 42 106
pics/1413757422256.png 2 219 34 86 420 231 35 88 19 191 34 86 167 234 36 91
pics/1413757434368.png 30 189 36 91 225 197 35 88 222 251 36 90
pics/1413757448464.png 248 286 174 174 384 190 51 127
pics/1413757499128.png 258 359 111 111 497 200 45 113
pics/1413757503488.png 327 294 41 41 348 238 55 55 312 192 50 126 312 353 35 88
pics/1413757523384.png 492 228 34 86
pics/1413757527280.png 487 238 36 91 14 200 42 106 482 204 51 127
pics/1413757528648.png 486 222 44 110 14 203 42 107
pics/1413757529456.png 16 200 45 114 484 191 58 146
pics/1413757548136.png 358 243 43 43 505 226 51 126 497 193 65 162
pics/1413757558920.png 500 250 47 47
pics/1413757567976.png 127 274 66 66 433 224 49 123
pics/1413757570688.png 217 429 45 45 200 291 104 104 495 221 37 93
pics/1413757580009.png 176 289 43 43
pics/1413757582680.png 233 307 45 45
pics/1413757585488.png 294 325 53 53 539 153 72 179
pics/1413757586816.png 355 343 64 64
pics/1413757600672.png 441 296 47 47 94 180 38 95
pics/1413757602288.png
pics/1413757605689.png 129 310 48 48 305 258 116 116
pics/1413757608592.png 218 340 76 76
pics/1413757614184.png 470 288 42 42 562 249 47 47
pics/1413757624144.png 387 276 43 43 389 310 41 41 352 216 37 92
pics/1413757630016.png 201 271 40 40 384 244 37 91
pics/1413757636336.png 387 232 41 41 405 234 43 43 491 238 45 45 324 312 50 50 370 251 33 84
pics/1413757638616.png 459 343 59 59 386 245 34 84
pics/1413757643824.png 409 286 41 41 311 230 48 48 537 176 57 143
pics/1413757648752.png 120 267 49 49
pics/1413757655320.png 515 330 52 52 37 225 47 47 437 239 55 55
pics/1413757659320.png 231 313 47 47
pics/1413757667104.png 176 313 49 49 423 157 65 162
pics/1413757712584.png 539 207 43 107
pics/1413757757665.png 303 302 55 55 494 194 40 101 293 198 51 128 491 164 37 91
pics/1404934505463.png
pics/1404934510799.png 149 237 54 54 545 250 43 43
pics/1414197383368.png 492 354 95 95 530 429 44 44 528 222 45 112
pics/1414197384607.png 153 282 41 41 546 237 46 116
pics/1414197384991.png 166 281 42 42
pics/1414197385375.png 180 290 42 42
pics/1414197385847.png 198 292 45 45 552 221 51 127
pics/1414197386351.png 222 304 46 46
pics/1414197386984.png 254 312 51 51 566 264 38 95 546 202 65 162
pics/1414197387399.png 281 322 50 50 551 174 55 136
pics/1414197387775.png 311 330 54 54
pics/1414197388207.png 344 342 61 61 563 249 36 90
pics/1414197388615.png 386 351 70 70
pics/1414197389249.png 483 377 76 76
pics/1414197389807.png 572 404 57 57
pics/1414197390207.png 296 264 43 43
pics/1414197390567.png
pics/1414197390927.png 319 270 40 40
pics/1414197391279.png 336 272 43 43
pics/1414197391639.png 517 235 44 44 378 272 41 41 25 192 59 147
pics/1414197392007.png 395 279 42 42
pics/1414197392343.png 404 284 43 43 13 180 63 158
pics/1414197392711.png 364 285 44 44
pics/1414197392991.png 387 287 42 42
pics/1414197393376.png 431 279 44 44
pics/1414197393791.png 387 291 44 44
pics/1414197394647.png 468 284 46 46 134 173 37 92
pics/1414197396007.png 39 279 42 42 530 208 50 126
pics/1414197396583.png 96 287 46 46
pics/1414197397081.png 117 303 47 47 582 208 55 139
pics/1414197397535.png 154 314 50 50 52 232 47 47 318 261 110 110
pics/1414197397927.png 184 310 54 54
pics/1414197398239.png 192 331 58 58 52 233 52 52
pics/1414197398567.png 202 335 65 65
pics/1414197398807.png 200 337 72 72 38 223 54 54 67 199 39 98
pics/1414197399143.png 250 361 82 82 52 234 51 51
pics/1414197399631.png 67 230 48 48 296 365 90 90
pics/1414197400207.png 386 437 43 43 64 219 36 90
pics/1414197401575.png 469 275 43 43 16 196 51 126
pics/1414197401911.png 473 279 42 42
pics/1414197402231.png 468 287 42 42 568 247 50 50 154 172 54 135
pics/1414197402575.png 474 284 41 41 556 240 52 52
pics/1414197402871.png 470 278 42 42
pics/1414197403368.png 484 286 43 43 532 240 48 48
pics/1414197404871.png 494 293 44 44 24 177 49 124
pics/1414197405239.png 509 303 45 45 434 242 48 48 9 179 52 130
pics/1414197405567.png 539 302 45 45 441 234 47 47
pics/1414197405944.png 559 304 46 46
pics/1414197406279.png 570 311 49 49
pics/1414197407847.png 357 229 39 98
pics/1414197408207.png
pics/1414197408575.png 365 224 44 44
pics/1414197408887.png
pics/1414197409087.png
pics/1414197409927.png 327 290 46 46 326 331 48 48
pics/1414197410215.png 305 298 49 49 304 339 51 51
pics/1414197410511.png 287 304 52 52 289 351 51 51 342 218 38 95 526 184 55 139
pics/1414197410767.png 297 311 53 53 359 216 40 99
pics/1414197410986.png 291 370 44 44 279 313 61 61 347 297 104 104
pics/1414197411199.png 263 311 63 63 269 370 54 54 356 298 86 86
pics/1414197411391.png 257 310 69 69
pics/1414197412031.png 206 274 43 43
pics/1414197412360.png 210 274 42 42 467 234 50 50 378 235 39 96
pics/1414197412735.png 229 277 44 44 386 245 36 92
pics/1414197413031.png 229 282 44 44 376 244 35 88
pics/1414197413335.png 247 288 45 45 382 242 34 86
pics/1414197413607.png 257 288 46 46
pics/1414197416696.png 466 344 63 63
pics/1414197417169.png 534 360 66 66 376 249 39 98
pics/1414197417447.png 573 373 58 58
pics/1414197418200.png 313 229 41 41 298 226 57 57
pics/1414197418471.png 312 231 42 42 291 221 66 66
pics/1414197419207.png 389 241 39 98
pics/1414197419641.png
pics/1414197420415.png 305 290 50 50
pics/1414197420711.png 120 267 49 49
pics/1414197427151.png 470 306 47 47 444 253 34 85
pics/1414197435175.png 284 293 56 56
pics/1414197437871.png 362 283 42 42
pics/1414197441288.png 561 338 60 60
pics/1414197442919.png
pics/1414197443519.png
pics/1414197443847.png
pics/1414197445703.png
pics/1414197446559.png 398 360 75 75
pics/1414197457839.png 314 308 41 41
pics/1414197462591.png
pics/1414197466071.png
pics/1414197467919.png
pics/1414197475375.png
pics/1414197476583.png 521 366 57 57
pics/1414197477257.png 257 355 66 66
pics/1414197477967.png 123 359 79 79
pics/1414197478511.png 256 353 93 93
pics/1414197479703.png 150 231 37 92
pics/1414197480583.png
pics/1413757655320.png 515 330 52 52 37 225 47 47 437 239 55 55
pics/1413757659320.png 231 313 47 47
pics/1413757667104.png 176 313 49 49 423 157 65 162
pics/1413757712584.png 539 207 43 107
pics/1414197382703.png 317 326 100 100 474 226 47 117
pics/1414197382991.png 394 333 99 99 499 214 53 132
pics/1414197496767.png 102 297 47 47
pics/1414197497447.png 208 217 43 107
pics/1414197498543.png
pics/1414197500151.png 199 308 45 45
pics/1414197500503.png 179 285 48 48
pics/1414197500919.png 134 295 46 46
pics/1414197501351.png 144 283 47 47
pics/1414197502015.png 345 308 45 45
pics/1414197502439.png 526 307 45 45
pics/1414197502919.png
pics/1414197510295.png 448 271 41 41 167 224 34 86
pics/1414197510855.png 409 277 42 42
pics/1414197511311.png 371 270 42 42
pics/1414197511895.png
pics/1414197512343.png 509 232 34 86
pics/1414197512767.png
pics/1414197513271.png
pics/1414197513799.png
pics/1414197516775.png 489 187 38 97
pics/1414197517252.png 582 303 44 44
pics/1414197517799.png 497 301 44 44 88 199 37 93
pics/1414197518207.png 472 304 42 42 98 191 44 109
pics/1414197518671.png 444 297 43 43 114 175 54 135
pics/1414197519144.png
pics/1414197519599.png 478 200 66 164
pics/1414197520103.png 393 425 41 41
pics/1414197520551.png 496 190 65 162
pics/1414197520983.png 2 204 37 92
pics/1414197521408.png 175 177 48 121
pics/1414197521807.png
pics/1414197522295.png
pics/1414197522759.png 492 202 63 157
pics/1414197523191.png 512 219 55 139 501 182 72 178
pics/1414197523599.png 184 186 40 101
pics/1414197524032.png 539 208 42 106 30 196 46 114
pics/1414197524455.png 29 213 34 86 198 187 39 98 529 205 60 151
pics/1414197524799.png 175 188 38 95
pics/1414197526599.png 507 293 42 42
pics/1414197526983.png 525 296 43 43 20 189 38 95
pics/1414197533279.png 469 353 100 100 23 211 36 92
pics/1414197533863.png 366 323 107 107 38 204 39 98
pics/1414197534511.png 573 271 48 48 275 295 100 100
pics/1414197535103.png 537 276 49 49 235 291 89 89
pics/1414197535599.png 195 282 83 83 501 269 48 48 203 198 32 81 544 217 54 135
pics/1414197536151.png 399 255 48 48 104 263 69 69 502 209 54 135
pics/1414197536654.png 65 260 60 60 346 254 46 46
pics/1414197538415.png 19 251 46 46 246 250 42 42 510 249 42 42 463 214 48 122
pics/1414197538887.png 35 248 46 46 248 249 43 43 511 253 41 41
pics/1414197539319.png 30 247 45 45 237 249 43 43 490 249 44 44
pics/1414197539711.png 21 244 44 44 469 246 40 40 218 246 41 41 472 200 58 145
pics/1414197540143.png 10 240 43 43 197 243 41 41 439 245 41 41
pics/1414197540536.png 410 245 41 41 172 240 40 40
pics/1414197540927.png 381 239 41 41
pics/1414197541327.png 354 238 40 40
pics/1414197554503.png 368 323 45 45 539 197 41 103 359 211 54 136 338 146 34 86 532 231 63 157
pics/1414197555039.png 323 304 48 48 508 195 39 99 314 198 51 129 291 151 42 106
pics/1414197555519.png 276 299 48 48 475 196 40 101 266 201 49 123 466 264 53 134
pics/1414197556015.png 215 223 50 50 474 329 136 136 256 197 48 120 467 198 39 99
pics/1414197556487.png 236 193 45 113 449 195 36 92 438 220 63 157
pics/1414197556895.png 238 192 46 114 450 196 35 88 418 223 35 88 448 247 37 91 122 177 52 130 438 205 69 173
pics/1414197557343.png 269 204 41 103 474 213 41 104 460 173 87 218
pics/1414197557783.png 286 196 42 105 490 200 37 93 490 244 45 112
pics/1414197558247.png 482 205 33 82 280 193 40 101 472 212 61 152
pics/1414197558687.png 228 188 39 97 430 192 35 89 427 236 44 111 193 225 36 90
pics/1414197559135.png 180 186 39 98 379 189 36 90 376 230 46 116
pics/1414197559559.png 122 189 38 94 319 190 37 93
pics/1414197559935.png 296 191 35 87 101 189 38 96
pics/1414197560263.png 91 189 38 96 282 192 34 86
pics/1414197560607.png 79 186 37 94 266 186 34 85
pics/1414197560951.png 71 189 38 94 250 193 34 86 249 230 39 98
pics/1414197561311.png 339 239 65 65 71 187 38 95 246 193 34 86 70 225 44 109 245 226 42 104
pics/1414197561679.png 76 190 38 95 247 191 36 90
pics/1414197562023.png 85 191 35 88 252 194 35 87 252 224 39 97 82 232 42 104
pics/1414197562606.png 439 232 69 69 86 187 36 90 248 187 36 90
pics/1414197562967.png 243 192 34 85 84 187 37 93
pics/1414197563399.png 243 195 32 80 87 190 35 88
pics/1414197563919.png 61 224 43 43 88 192 34 86 237 187 34 86 81 190 52 130
pics/1414197564423.png 342 231 41 41 233 203 39 97 89 189 34 86 143 199 39 97
pics/1414197564887.png 440 241 38 94
pics/1414197565415.png 404 218 48 48 222 207 37 93 5 200 42 104 131 148 67 167
pics/1414197565887.png 212 205 35 88 3 190 41 104
pics/1414197566439.png 189 188 37 94 506 167 40 101
pics/1414197568575.png 130 175 43 107
pics/1414197571575.png 126 147 33 83 125 217 57 143 566 205 42 106 562 337 39 99 561 275 50 126 381 208 51 128
pics/1414197572175.png 32 348 50 50 487 294 136 136 465 192 44 110 32 210 55 138
pics/1414197573287.png 272 194 40 101 267 229 65 161
pics/1414197573815.png 248 196 38 96 251 261 34 85 248 289 43 108
pics/1414197574279.png 275 204 38 96 274 259 40 100 272 291 40 100 505 245 43 107
pics/1414197575423.png 517 222 46 46 163 200 40 99 457 214 38 95 456 209 57 142
pics/1414197575968.png 247 199 37 92 525 194 40 102 526 253 35 89
pics/1414197576527.png 227 188 37 92 500 194 36 92 264 155 53 132
pics/1414197577136.png 434 202 36 90 164 198 35 88 434 249 36 89 166 236 41 102
pics/1414197577991.png 311 190 35 88 59 189 35 89 312 239 35 89
pics/1414197578815.png 256 195 33 84 506 198 33 83 27 222 41 103 23 192 33 83
pics/1414197579879.png 293 233 44 44 242 198 32 82
new_pics/michael_pics/1414787636986.png 428 255 44 44 264 334 65 65
new_pics/michael_pics/1414787637731.png 203 259 56 56
new_pics/michael_pics/1414787764331.png 311 265 61 61
new_pics/michael_pics/1414787764531.png 341 269 57 57
new_pics/michael_pics/1414787765339.png 308 262 49 49
new_pics/michael_pics/1414787765523.png 284 264 49 49
new_pics/michael_pics/1414787765747.png 254 264 50 50
new_pics/michael_pics/1414787765955.png 241 267 53 53
new_pics/michael_pics/1414787766475.png 283 258 53 53
new_pics/michael_pics/1414787766708.png 332 251 57 57
new_pics/michael_pics/1414787766931.png 382 256 55 55
new_pics/michael_pics/1414787767243.png 412 266 58 58
new_pics/michael_pics/1414787767641.png 401 293 62 62
new_pics/michael_pics/1414787767907.png 363 295 68 68
new_pics/michael_pics/1414787768146.png 350 294 70 70
new_pics/michael_pics/1414787768387.png 376 284 74 74
new_pics/michael_pics/1414787768587.png 401 273 78 78
new_pics/michael_pics/1414787779259.png
new_pics/michael_pics/1414787779467.png
new_pics/michael_pics/1414787779684.png
new_pics/michael_pics/1414787779963.png
new_pics/michael_pics/1414787780227.png
new_pics/michael_pics/1414787780507.png
new_pics/michael_pics/1414787780774.png
new_pics/michael_pics/1414787781027.png 94 258 40 40
new_pics/michael_pics/1414787781267.png
new_pics/michael_pics/1414787784811.png 74 271 43 43
new_pics/michael_pics/1414787784955.png 55 270 43 43
new_pics/michael_pics/1414787799059.png
new_pics/michael_pics/1414787799307.png
new_pics/michael_pics/1414787799547.png
new_pics/michael_pics/1414787799771.png
new_pics/michael_pics/1414787800027.png
new_pics/michael_pics/1414787806763.png 415 266 41 41
new_pics/michael_pics/1414787807011.png 336 265 41 41
new_pics/michael_pics/1414787807227.png 258 263 43 43
new_pics/michael_pics/1414787807443.png 184 261 41 41
new_pics/michael_pics/1414787807619.png 148 258 41 41
new_pics/michael_pics/1414787813267.png 34 231 98 98
new_pics/michael_pics/1414787817355.png 367 320 57 57 314 234 124 124
new_pics/michael_pics/1414787817571.png 345 226 137 137
new_pics/michael_pics/1414787817787.png 387 330 65 65 366 224 142 142
new_pics/michael_pics/1414787817947.png 381 338 67 67 366 225 137 137 345 222 209 209
new_pics/michael_pics/1414787828739.png 244 333 55 55
new_pics/michael_pics/1414787828971.png 378 337 55 55
new_pics/michael_pics/1414787829171.png 446 339 55 55
new_pics/michael_pics/1414787830283.png 350 327 54 54
new_pics/michael_pics/1414787833539.png
new_pics/michael_pics/1414787833819.png
new_pics/michael_pics/1414787834363.png
new_pics/michael_pics/1414787834627.png 355 272 44 44 16 221 38 95
new_pics/michael_pics/1414787834891.png 34 235 37 93
new_pics/michael_pics/1414787835147.png 88 210 38 95
new_pics/michael_pics/1414787835347.png 424 273 44 44 89 236 35 89
new_pics/michael_pics/1414787835555.png 441 268 43 43
new_pics/michael_pics/1414787835779.png 473 274 42 42 157 200 40 101 199 182 61 152
new_pics/michael_pics/1414787835995.png 514 282 42 42
new_pics/michael_pics/1414787836155.png 537 284 43 43
new_pics/michael_pics/1414787838907.png 561 326 49 49 234 185 55 139
new_pics/michael_pics/1414787839131.png 546 325 49 49
new_pics/michael_pics/1414787839347.png 531 327 51 51
new_pics/michael_pics/1414787839555.png 512 330 55 55 225 240 33 83
new_pics/michael_pics/1414787839747.png 506 332 54 54 221 238 35 89 212 194 49 122
new_pics/michael_pics/1414787839947.png 490 330 55 55 204 192 47 118
new_pics/michael_pics/1414787840131.png 478 328 59 59 200 187 49 123
new_pics/michael_pics/1414787840315.png 462 325 56 56 183 177 56 139
new_pics/michael_pics/1414787840507.png 441 322 56 56 184 227 34 86
new_pics/michael_pics/1414787840675.png 427 320 63 63
new_pics/michael_pics/1414787840859.png 424 323 56 56 160 182 50 125
new_pics/michael_pics/1414787841043.png 405 323 57 57
new_pics/michael_pics/1414787841235.png 369 324 56 56 121 189 50 126
new_pics/michael_pics/1414787841451.png 338 323 60 60
new_pics/michael_pics/1414787841635.png 273 317 52 52 96 192 50 126 31 171 65 162
new_pics/michael_pics/1414787841795.png 234 315 54 54
new_pics/michael_pics/1414787854067.png
new_pics/michael_pics/1414787854427.png
new_pics/michael_pics/1414787854611.png
new_pics/michael_pics/1414787854795.png
new_pics/michael_pics/1414787855107.png
new_pics/michael_pics/1414787856771.png
new_pics/michael_pics/1414787857035.png
new_pics/michael_pics/1414787857283.png
new_pics/michael_pics/1414787861323.png 412 299 49 49
new_pics/michael_pics/1414787861491.png 475 299 48 48
new_pics/michael_pics/1414787879259.png 171 240 43 43
new_pics/michael_pics/1414787879595.png 186 246 43 43
new_pics/michael_pics/1414787879915.png 205 247 45 45
new_pics/michael_pics/1414787880171.png 218 248 45 45
new_pics/michael_pics/1414787880459.png 228 248 44 44
new_pics/michael_pics/1414787880723.png 232 246 45 45
new_pics/michael_pics/1414787881011.png 225 240 50 50
new_pics/michael_pics/1414787881291.png 209 243 49 49
new_pics/michael_pics/1414787881547.png 188 245 51 51
new_pics/michael_pics/1414787881747.png 158 247 50 50
new_pics/michael_pics/1414787881939.png 141 248 53 53
new_pics/michael_pics/1414787886539.png 267 246 48 48
new_pics/michael_pics/1414787886715.png 230 243 48 48
new_pics/michael_pics/1414787886891.png 162 247 49 49
new_pics/michael_pics/1414787887051.png 130 250 50 50
new_pics/michael_pics/1414787887235.png 100 252 50 50
new_pics/michael_pics/1414788144195.png 359 301 42 42
new_pics/michael_pics/1414788144435.png 327 290 44 44 263 274 40 40
new_pics/michael_pics/1414788144667.png 317 282 43 43
new_pics/michael_pics/1414788144867.png 288 281 43 43 223 261 41 41
new_pics/michael_pics/1414788145091.png 273 281 45 45 212 260 43 43
new_pics/michael_pics/1414788145291.png 238 279 43 43
new_pics/michael_pics/1414788145483.png 196 292 44 44 135 277 42 42
new_pics/michael_pics/1414788145675.png 181 302 43 43
new_pics/michael_pics/1414788146043.png 176 289 44 44 118 268 42 42
new_pics/michael_pics/1414788146267.png 142 241 41 41 200 262 44 44
new_pics/michael_pics/1414788146451.png 170 242 40 40 228 263 45 45
new_pics/michael_pics/1414788146651.png 187 254 41 41 244 273 43 43
new_pics/michael_pics/1414788146843.png 214 284 41 41 275 301 43 43
new_pics/michael_pics/1414788147084.png 244 313 41 41 305 332 45 45
new_pics/michael_pics/1414788147923.png 560 401 53 53 511 265 43 43
new_pics/michael_pics/1414788148091.png 597 384 43 43 527 243 43 43
new_pics/michael_pics/1414788148283.png 530 231 42 42
new_pics/michael_pics/1414788148491.png 520 219 42 42
new_pics/michael_pics/1414788148723.png 499 237 43 43
new_pics/michael_pics/1414788148939.png 477 280 43 43
new_pics/michael_pics/1414788149147.png 466 293 43 43
new_pics/michael_pics/1414788149459.png 442 279 44 44
new_pics/michael_pics/1414788149691.png 429 249 43 43
new_pics/michael_pics/1414788149899.png 420 239 43 43
new_pics/michael_pics/1414788150795.png 190 281 47 47 224 326 68 68
new_pics/michael_pics/1414788150939.png 246 339 74 74 215 293 47 47
new_pics/michael_pics/1414788151163.png 304 366 73 73 277 317 48 48
new_pics/michael_pics/1414788151355.png 313 324 49 49 339 376 72 72
new_pics/michael_pics/1414788151555.png 404 385 73 73 380 328 50 50
new_pics/michael_pics/1414788151731.png 404 323 52 52 424 380 82 82
new_pics/michael_pics/1414788151948.png 441 319 53 53 460 381 84 84
new_pics/michael_pics/1414788152139.png 460 321 56 56 478 392 80 80
new_pics/michael_pics/1414788152331.png 256 269 41 41 481 397 74 74 467 323 53 53
new_pics/michael_pics/1414788152547.png 458 320 56 56 469 396 81 81
new_pics/michael_pics/1414788152747.png 434 327 60 60
new_pics/michael_pics/1414788152939.png 402 335 60 60
new_pics/michael_pics/1414788153155.png 387 338 61 61
new_pics/michael_pics/1414788153379.png 356 341 63 63
new_pics/michael_pics/1414788153531.png 356 341 63 63
new_pics/michael_pics/1414788153755.png 307 332 73 73
new_pics/michael_pics/1414788153947.png 274 341 77 77
new_pics/michael_pics/1414788154163.png 84 274 40 40 243 354 83 83
new_pics/michael_pics/1414788154371.png 232 359 81 81
new_pics/michael_pics/1414788154539.png 59 280 43 43 201 366 88 88
new_pics/michael_pics/1414788154804.png 424 280 44 44 53 277 41 41 175 375 89 89
new_pics/michael_pics/1414788154995.png 435 282 42 42 52 273 41 41 156 383 89 89
new_pics/michael_pics/1414788155211.png 443 284 41 41 53 271 43 43 144 412 46 46 148 385 88 88
new_pics/michael_pics/1414788155811.png 469 284 42 42 52 293 42 42
new_pics/michael_pics/1414788156011.png 452 296 44 44 26 304 42 42
new_pics/michael_pics/1414788157755.png 297 308 57 57
new_pics/michael_pics/1414788157939.png 331 319 61 61
new_pics/michael_pics/1414788158155.png 391 344 62 62
new_pics/michael_pics/1414788158323.png 427 357 60 60
new_pics/michael_pics/1414788160027.png 37 288 46 46
new_pics/michael_pics/1414788160195.png 39 316 47 47
new_pics/michael_pics/1414788160395.png 29 328 46 46 542 270 41 41
new_pics/michael_pics/1414788160571.png 2 339 43 43 520 267 41 41
new_pics/michael_pics/1414788163619.png 399 298 43 43
new_pics/michael_pics/1414788163827.png 371 275 43 43
new_pics/michael_pics/1414788163971.png 351 267 43 43
new_pics/michael_pics/1414788164627.png
new_pics/michael_pics/1414788166076.png 163 291 45 45
new_pics/michael_pics/1414788166267.png 153 310 48 48
new_pics/michael_pics/1414788166451.png 368 290 41 41 139 311 46 46
new_pics/michael_pics/1414788166643.png 133 299 46 46 367 284 40 40
new_pics/michael_pics/1414788166811.png 126 273 46 46 371 261 40 40
new_pics/michael_pics/1414788167011.png 126 268 47 47
new_pics/michael_pics/1414788167195.png 131 284 47 47 392 274 42 42
new_pics/michael_pics/1414788167355.png 397 284 43 43 135 297 45 45
new_pics/michael_pics/1414788168051.png 151 277 46 46
new_pics/michael_pics/1414788168243.png 171 306 48 48
new_pics/michael_pics/1414788168459.png 184 312 46 46
new_pics/michael_pics/1414788168683.png 210 309 47 47
new_pics/michael_pics/1414788168899.png 241 303 50 50
new_pics/michael_pics/1414788169116.png 279 305 48 48
new_pics/michael_pics/1414788169331.png 317 300 51 51
new_pics/michael_pics/1414788169515.png 331 297 51 51
new_pics/michael_pics/1414788170331.png 59 322 57 57 490 305 49 49
new_pics/michael_pics/1414788170532.png 476 307 51 51 39 329 54 54 34 324 83 83
new_pics/michael_pics/1414788170740.png 445 312 51 51 2 344 46 46
new_pics/michael_pics/1414788170931.png 407 313 51 51
new_pics/michael_pics/1414788171116.png 390 311 51 51
new_pics/michael_pics/1414788171315.png 357 306 53 53
new_pics/michael_pics/1414788171493.png 342 306 51 51
new_pics/michael_pics/1414788172779.png 243 324 52 52
new_pics/michael_pics/1414788172931.png 246 325 54 54
new_pics/michael_pics/1414788175523.png 522 289 41 41
new_pics/michael_pics/1414788175715.png 527 291 43 43
new_pics/michael_pics/1414788175899.png 535 283 42 42
new_pics/michael_pics/1414788176067.png 531 278 42 42
new_pics/michael_pics/1414788176379.png 494 291 42 42
new_pics/michael_pics/1414788176603.png 448 300 44 44
new_pics/michael_pics/1414788176843.png 387 293 44 44
new_pics/michael_pics/1414788177067.png 305 287 44 44
new_pics/michael_pics/1414788177291.png 260 287 47 47
new_pics/michael_pics/1414788177507.png 165 288 46 46
new_pics/michael_pics/1414788177667.png 84 282 46 46
new_pics/michael_pics/1414788181819.png 297 323 54 54
new_pics/michael_pics/1414788394243.png 231 309 48 48
new_pics/michael_pics/1414788394411.png 207 323 49 49 206 347 53 53
new_pics/michael_pics/1414788394611.png 160 337 49 49 543 262 94 94
new_pics/michael_pics/1414788394795.png 135 343 49 49
new_pics/michael_pics/1414788394980.png 89 357 50 50
new_pics/michael_pics/1414788395163.png 70 362 49 49
new_pics/michael_pics/1414788408531.png 240 247 42 42
new_pics/michael_pics/1414788408708.png 229 238 43 43
new_pics/michael_pics/1414788408971.png 227 221 43 43
new_pics/michael_pics/1414788409195.png 238 242 43 43
new_pics/michael_pics/1414788409420.png 262 278 41 41
new_pics/michael_pics/1414788409627.png 307 224 142 142
new_pics/michael_pics/1414788409859.png 395 293 42 42
new_pics/michael_pics/1414788410075.png 438 294 41 41
new_pics/michael_pics/1414788427836.png
new_pics/michael_pics/1414788428075.png
new_pics/michael_pics/1414788428371.png
new_pics/michael_pics/1414788428619.png
new_pics/michael_pics/1414788428875.png
new_pics/michael_pics/1414788429235.png
new_pics/michael_pics/1414788429619.png
new_pics/michael_pics/1414788430075.png 222 280 41 41
new_pics/michael_pics/1414788430332.png 263 290 41 41
new_pics/michael_pics/1414788430539.png 312 297 41 41
new_pics/michael_pics/1414788430731.png 336 295 41 41
new_pics/michael_pics/1414788430923.png 359 266 41 41
new_pics/michael_pics/1414788431139.png 359 262 42 42
new_pics/michael_pics/1414788431367.png 334 290 44 44
new_pics/michael_pics/1414788431587.png 313 306 43 43
new_pics/michael_pics/1414788431803.png 253 324 43 43
new_pics/michael_pics/1414788432051.png 185 334 44 44
new_pics/michael_pics/1414788432259.png 140 341 45 45
new_pics/michael_pics/1414788432475.png 107 324 45 45
new_pics/michael_pics/1414788432684.png 92 314 46 46
new_pics/michael_pics/1414788432899.png 61 317 47 47
new_pics/michael_pics/1414788433067.png 35 331 48 48
new_pics/michael_pics/1414788453219.png 0 251 33 83
new_pics/michael_pics/1414788453451.png
new_pics/michael_pics/1414788456604.png 522 310 55 55
new_pics/michael_pics/1414788456779.png 542 324 59 59
new_pics/michael_pics/1414788483795.png
new_pics/michael_pics/1414788484027.png 536 216 39 98
new_pics/michael_pics/1414788484235.png 188 233 91 91 527 222 38 97
new_pics/michael_pics/1414788484443.png 499 233 35 89
new_pics/michael_pics/1414788484675.png
new_pics/michael_pics/1414788484899.png 300 213 38 95
new_pics/michael_pics/1414788485067.png
new_pics/michael_pics/1414788486435.png
new_pics/michael_pics/1414788486643.png 515 214 38 97
new_pics/michael_pics/1414788486867.png 511 215 36 90
new_pics/michael_pics/1414788487091.png 518 201 38 95
new_pics/michael_pics/1414788487315.png 528 202 38 94
new_pics/michael_pics/1414788487547.png
new_pics/michael_pics/1414788487779.png 405 267 40 40 560 204 38 96
new_pics/michael_pics/1414788488035.png 572 205 40 99
new_pics/michael_pics/1414788488283.png 564 206 38 95
new_pics/michael_pics/1414788488491.png
new_pics/michael_pics/1414788488699.png
new_pics/michael_pics/1414788612612.png 355 188 40 101
new_pics/michael_pics/1414788612804.png 356 189 40 100
new_pics/michael_pics/1414788612939.png 579 238 52 52 356 189 39 98
new_pics/michael_pics/1414788613155.png 350 183 39 99
new_pics/michael_pics/1414788613323.png 347 185 39 98
new_pics/michael_pics/1414788614172.png 94 152 38 95 185 184 41 104
new_pics/michael_pics/1414788614395.png
new_pics/michael_pics/1414788614635.png 602 278 34 86 265 191 46 114
new_pics/michael_pics/1414788615069.png 323 196 44 112
new_pics/michael_pics/1414788615275.png 164 238 44 44 316 181 53 134
new_pics/michael_pics/1414788615475.png 132 237 47 47 295 189 50 125
new_pics/michael_pics/1414788615643.png 276 185 51 128
new_pics/michael_pics/1414788616563.png 430 249 41 41 238 298 124 124
new_pics/michael_pics/1414788616780.png 428 248 41 41 235 300 127 127 207 186 52 130
new_pics/michael_pics/1414788616979.png 425 244 43 43 225 288 139 139 194 171 59 148
new_pics/michael_pics/1414788617179.png 434 239 42 42 415 269 168 168 217 279 182 182 189 163 59 146
new_pics/michael_pics/1414788617355.png 430 241 42 42 547 237 42 42 227 274 160 160 177 159 61 152
new_pics/michael_pics/1414788617531.png 541 236 44 44 424 240 41 41 229 259 134 134 3 282 178 178 169 155 61 152
new_pics/michael_pics/1414788618267.png 48 243 41 41 483 261 55 139 201 159 67 168
new_pics/michael_pics/1414788618491.png 67 240 42 42
new_pics/michael_pics/1414788618675.png 65 245 42 42 228 160 72 180
new_pics/michael_pics/1414788618859.png 53 254 42 42 280 353 120 120 217 251 37 91 220 173 76 190
new_pics/michael_pics/1414788619043.png 46 253 43 43 215 168 79 198
new_pics/michael_pics/1414788619212.png 41 250 40 40 273 358 109 109 224 176 74 185
new_pics/michael_pics/1414788619995.png 74 244 42 42 369 257 45 45
new_pics/michael_pics/1414788620203.png 575 236 43 43 301 224 47 47 403 295 157 157
new_pics/michael_pics/1414788620403.png 261 217 44 44 537 225 43 43
new_pics/michael_pics/1414788620596.png 261 217 44 44 537 225 43 43
new_pics/michael_pics/1414788620795.png 282 263 46 46 567 279 44 44 483 230 40 101
new_pics/michael_pics/1414788620979.png 591 285 45 45 3 247 42 42 303 272 46 46
new_pics/michael_pics/1414788621147.png 17 237 42 42 325 257 46 46 495 242 51 51 528 229 37 92
new_pics/michael_pics/1414788622299.png 283 251 44 44 476 371 43 43 53 254 48 48
new_pics/michael_pics/1414788622483.png 401 391 42 42 281 261 44 44 46 264 47 47 506 397 41 41 506 309 37 93 462 233 38 97 14 215 44 111
new_pics/michael_pics/1414788622683.png 540 411 45 45 438 406 43 43 52 272 48 48 291 268 44 44
new_pics/michael_pics/1414788622892.png 542 416 44 44 278 266 47 47 39 270 49 49 504 253 38 96
new_pics/michael_pics/1414788623073.png 558 416 48 48 20 256 50 50 266 257 45 45
new_pics/michael_pics/1414788623219.png 6 253 49 49 252 256 46 46 557 425 50 50
new_pics/michael_pics/1414788624171.png 153 254 62 62 587 267 50 50
new_pics/michael_pics/1414788624547.png 134 250 66 66 595 280 44 44
new_pics/michael_pics/1414788876596.png 394 253 42 42 354 272 49 49
new_pics/michael_pics/1414788876836.png 300 253 42 42 264 275 51 51
new_pics/michael_pics/1414788878084.png 384 259 56 56 375 230 44 44
new_pics/michael_pics/1414788878316.png 431 229 43 43 451 259 58 58
new_pics/michael_pics/1414788884684.png 503 266 41 41
new_pics/michael_pics/1414788909660.png 345 178 41 104 535 171 38 96
new_pics/tommy_pics/1414787615126.png
new_pics/tommy_pics/1414787618140.png
new_pics/tommy_pics/1414787619562.png 453 246 42 42
new_pics/tommy_pics/1414787626091.png 482 250 44 44
new_pics/tommy_pics/1414787887403.png 51 252 50 50
new_pics/tommy_pics/1414787887603.png 9 252 50 50
new_pics/tommy_pics/1414787889779.png 230 233 43 43
new_pics/tommy_pics/1414787890067.png 212 235 42 42
new_pics/tommy_pics/1414787890523.png 150 228 42 42
new_pics/tommy_pics/1414787891651.png 208 256 43 43
new_pics/tommy_pics/1414787893115.png 131 281 61 61
new_pics/tommy_pics/1414787893347.png 202 271 62 62
new_pics/tommy_pics/1414787893547.png 269 269 62 62
new_pics/tommy_pics/1414787893739.png 294 271 63 63
new_pics/tommy_pics/1414787893931.png 349 271 64 64
new_pics/tommy_pics/1414787894827.png 284 229 44 44
new_pics/tommy_pics/1414787895011.png 307 234 43 43
new_pics/tommy_pics/1414787895195.png 316 233 44 44
new_pics/tommy_pics/1414787895403.png 333 234 43 43
new_pics/tommy_pics/1414787895619.png 342 235 44 44
new_pics/tommy_pics/1414787895811.png 340 236 45 45 585 236 43 43
new_pics/tommy_pics/1414787896019.png 326 234 44 44
new_pics/tommy_pics/1414787896243.png 294 228 44 44
new_pics/tommy_pics/1414787896403.png 272 225 43 43
new_pics/tommy_pics/1414787897219.png 354 246 47 47
new_pics/tommy_pics/1414787897411.png 317 246 48 48
new_pics/tommy_pics/1414787897598.png 300 249 45 45 298 230 56 56
new_pics/tommy_pics/1414787897779.png 298 244 44 44
new_pics/tommy_pics/1414787897971.png 307 235 45 45
new_pics/tommy_pics/1414787898163.png 315 230 46 46
new_pics/tommy_pics/1414787898435.png 337 232 45 45
new_pics/tommy_pics/1414787898651.png 359 242 45 45
new_pics/tommy_pics/1414787898835.png 371 247 46 46
new_pics/tommy_pics/1414787915547.png 528 270 78 78
new_pics/tommy_pics/1414787915667.png 553 276 75 75
new_pics/tommy_pics/1414787915827.png 584 277 52 52
new_pics/tommy_pics/1414787916003.png
new_pics/tommy_pics/1414787916131.png
new_pics/tommy_pics/1414787917227.png 133 285 79 79 168 232 43 43
new_pics/tommy_pics/1414787917395.png 119 284 81 81 159 234 44 44
new_pics/tommy_pics/1414787917547.png 103 287 80 80 147 235 43 43
new_pics/tommy_pics/1414787917699.png 83 285 83 83 133 233 45 45
new_pics/tommy_pics/1414787919219.png 368 290 45 45
new_pics/tommy_pics/1414787919395.png 341 293 46 46
new_pics/tommy_pics/1414787919947.png 18 262 41 41 282 294 45 45
new_pics/tommy_pics/1414787920147.png 239 290 48 48
new_pics/tommy_pics/1414787920315.png 214 290 48 48
new_pics/tommy_pics/1414787920491.png 159 296 47 47
new_pics/tommy_pics/1414787922443.png 241 269 41 41
new_pics/tommy_pics/1414787922651.png 304 269 43 43
new_pics/tommy_pics/1414787922835.png 372 269 43 43
new_pics/tommy_pics/1414787923011.png 405 269 43 43
new_pics/tommy_pics/1414787925781.png 185 262 42 42 152 226 43 43 99 374 93 93
new_pics/tommy_pics/1414787925939.png 92 235 43 43 118 272 44 44 14 383 89 89
new_pics/tommy_pics/1414787926099.png 79 278 42 42 57 241 42 42 8 410 44 44
new_pics/tommy_pics/1414787927483.png 126 283 43 43
new_pics/tommy_pics/1414787927699.png 125 282 40 40
new_pics/tommy_pics/1414787927923.png 112 279 41 41 379 270 41 41
new_pics/tommy_pics/1414787928155.png 82 279 42 42
new_pics/tommy_pics/1414787928411.png 44 286 42 42
new_pics/tommy_pics/1414787928643.png 314 286 42 42 18 292 45 45
new_pics/tommy_pics/1414787929067.png 333 271 42 42 16 290 45 45
new_pics/tommy_pics/1414787929387.png 71 292 47 47 409 256 42 42
new_pics/tommy_pics/1414787929595.png 133 299 52 52 484 258 41 41
new_pics/tommy_pics/1414787929819.png 184 300 57 57 541 264 41 41
new_pics/tommy_pics/1414787930027.png 558 272 42 42 201 306 58 58
new_pics/tommy_pics/1414787930259.png 576 298 44 44 218 327 61 61
new_pics/tommy_pics/1414787930476.png 205 353 68 68 573 316 45 45
new_pics/tommy_pics/1414787930659.png 168 359 82 82 557 317 44 44
new_pics/tommy_pics/1414787930843.png 543 309 46 46 149 361 83 83
new_pics/tommy_pics/1414787931795.png
new_pics/tommy_pics/1414787932011.png
new_pics/tommy_pics/1414787932203.png
new_pics/tommy_pics/1414787932371.png 529 296 40 40
new_pics/tommy_pics/1414787936411.png 262 282 45 45
new_pics/tommy_pics/1414788193451.png 109 343 67 67 451 259 48 48 73 273 86 86
new_pics/tommy_pics/1414788193651.png 108 352 63 63 458 263 46 46 73 278 87 87
new_pics/tommy_pics/1414788193844.png 481 265 48 48 108 355 73 73 84 281 87 87
new_pics/tommy_pics/1414788194403.png 588 267 48 48 163 360 84 84 159 278 97 97
new_pics/tommy_pics/1414788195779.png 153 281 52 52
new_pics/tommy_pics/1414788196459.png 230 256 57 57
new_pics/tommy_pics/1414788196676.png 237 260 55 55
new_pics/tommy_pics/1414788196891.png 228 267 56 56
new_pics/tommy_pics/1414788197107.png 214 281 61 61
new_pics/tommy_pics/1414788197347.png 206 295 61 61
new_pics/tommy_pics/1414788197539.png 205 300 59 59
new_pics/tommy_pics/1414788197739.png 194 291 62 62
new_pics/tommy_pics/1414788198132.png 187 273 65 65
new_pics/tommy_pics/1414788198363.png 202 286 69 69
new_pics/tommy_pics/1414788198547.png 246 305 74 74
new_pics/tommy_pics/1414788198747.png 280 311 77 77
new_pics/tommy_pics/1414788207499.png 388 240 44 44 388 222 66 66
new_pics/tommy_pics/1414788207763.png 409 244 54 54 465 230 36 90
new_pics/tommy_pics/1414788207971.png 405 247 51 51
new_pics/tommy_pics/1414788208171.png 380 254 43 43 381 237 54 54
new_pics/tommy_pics/1414788208372.png 349 234 53 53 118 223 48 48
new_pics/tommy_pics/1414788208587.png 327 230 51 51
new_pics/tommy_pics/1414788208803.png 277 226 48 48 571 255 46 46
new_pics/tommy_pics/1414788209011.png 229 232 50 50 524 256 47 47
new_pics/tommy_pics/1414788209235.png 184 239 48 48 475 254 49 49
new_pics/tommy_pics/1414788209467.png 145 243 50 50 434 252 48 48
new_pics/tommy_pics/1414788209667.png 126 239 54 54 416 253 46 46
new_pics/tommy_pics/1414788209883.png 94 226 52 52 379 248 46 46
new_pics/tommy_pics/1414788210083.png 350 244 46 46 70 224 43 43
new_pics/tommy_pics/1414788211731.png 147 246 55 55 431 258 47 47
new_pics/tommy_pics/1414788211987.png 122 249 50 50 404 260 50 50 174 241 37 93
new_pics/tommy_pics/1414788219739.png 129 245 50 50 196 237 50 50
new_pics/tommy_pics/1414788219939.png 117 269 49 49 184 262 52 52
new_pics/tommy_pics/1414788220155.png 106 276 50 50 172 270 52 52
new_pics/tommy_pics/1414788220355.png 95 263 51 51 165 259 47 47
new_pics/tommy_pics/1414788220563.png 161 256 47 47 93 262 50 50 405 266 45 45
new_pics/tommy_pics/1414788220755.png 159 254 47 47 90 261 52 52 61 233 94 94
new_pics/tommy_pics/1414788220979.png 176 250 47 47 104 258 56 56
new_pics/tommy_pics/1414788221211.png 216 252 51 51 145 260 59 59 198 218 119 119
new_pics/tommy_pics/1414788221411.png 250 260 51 51 177 265 64 64
new_pics/tommy_pics/1414788221619.png 333 279 48 48 262 282 64 64 322 255 92 92
new_pics/tommy_pics/1414788221771.png 382 280 47 47 310 287 62 62 364 252 94 94
new_pics/tommy_pics/1414788222899.png 119 280 42 42 194 297 48 48
new_pics/tommy_pics/1414788223083.png 104 255 45 45 177 276 47 47
new_pics/tommy_pics/1414788223283.png 93 250 41 41 165 271 49 49
new_pics/tommy_pics/1414788225619.png 347 237 88 88
new_pics/tommy_pics/1414788225811.png 309 260 82 82
new_pics/tommy_pics/1414788225955.png 288 263 86 86
new_pics/tommy_pics/1414788624731.png 577 278 55 55 104 247 69 69
new_pics/tommy_pics/1414788626419.png 155 271 56 56
new_pics/tommy_pics/1414788626651.png 159 273 56 56
new_pics/tommy_pics/1414788626867.png 167 273 58 58
new_pics/tommy_pics/1414788627227.png 172 270 59 59
new_pics/tommy_pics/1414788627451.png 181 274 60 60
new_pics/tommy_pics/1414788628204.png 197 237 42 42 230 288 125 125 20 246 188 188
new_pics/tommy_pics/1414788628403.png 100 241 43 43 105 291 127 127
new_pics/tommy_pics/1414788628587.png 45 248 44 44 38 304 119 119 105 187 42 106
new_pics/tommy_pics/1414788628956.png 467 286 85 85
new_pics/tommy_pics/1414788629155.png 278 273 77 77
new_pics/tommy_pics/1414788631676.png 243 270 97 97 38 289 99 99
new_pics/tommy_pics/1414788631843.png 303 305 100 100
new_pics/tommy_pics/1414788632740.png 309 297 108 108
new_pics/tommy_pics/1414788637099.png
new_pics/tommy_pics/1414788637291.png
new_pics/tommy_pics/1414788665844.png
new_pics/tommy_pics/1414788666579.png 188 269 67 167
new_pics/tommy_pics/1414788667883.png
new_pics/tommy_pics/1414788670243.png 430 183 47 118
new_pics/tommy_pics/1414788670507.png 441 186 47 117
new_pics/tommy_pics/1414788670731.png 444 316 39 97
new_pics/tommy_pics/1414788671052.png 470 186 48 120
new_pics/tommy_pics/1414788671459.png 484 189 46 114
new_pics/tommy_pics/1414788678931.png 85 306 110 110 173 189 47 119
new_pics/tommy_pics/1414788757900.png 19 194 37 92
new_pics/tommy_pics/1414788758108.png 95 179 40 101
new_pics/tommy_pics/1414788758324.png 95 179 40 101
new_pics/tommy_pics/1414788758508.png 126 165 43 107
new_pics/tommy_pics/1414788758908.png 110 178 40 101
new_pics/tommy_pics/1414788759124.png 91 196 38 96
new_pics/tommy_pics/1414788815548.png 292 295 60 60
new_pics/tommy_pics/1414788815708.png 292 295 60 60
new_pics/tommy_pics/1414788815868.png 460 315 72 72
new_pics/tommy_pics/1414788819140.png 300 274 46 46
new_pics/tommy_pics/1414788819366.png 348 297 53 53
new_pics/tommy_pics/1414788819580.png 348 297 53 53
new_pics/tommy_pics/1414788821412.png 272 277 45 45
new_pics/tommy_pics/1414788828612.png
new_pics/tommy_pics/1414788828924.png
new_pics/tommy_pics/1414788829176.png
new_pics/tommy_pics/1414788830148.png 328 276 44 44
new_pics/tommy_pics/1414788830372.png 293 282 47 47
new_pics/tommy_pics/1414788831020.png 282 292 57 57
new_pics/tommy_pics/1414788831500.png 277 295 56 56
new_pics/tommy_pics/1414788832656.png 265 290 52 52
new_pics/tommy_pics/1414788832860.png 265 290 52 52
new_pics/tommy_pics/1414788833036.png 268 303 53 53
new_pics/tommy_pics/1414788835276.png 215 233 51 51
new_pics/tommy_pics/1414788835500.png 184 241 46 46
new_pics/tommy_pics/1414788835708.png 169 247 43 43
new_pics/tommy_pics/1414788835924.png 169 247 43 43
new_pics/tommy_pics/1414788836332.png 187 251 44 44
new_pics/tommy_pics/1414788836540.png 187 251 44 44
new_pics/tommy_pics/1414788837884.png 102 254 43 43
new_pics/tommy_pics/1414788838124.png 102 254 43 43
new_pics/tommy_pics/1414788838356.png 127 244 44 44
new_pics/tommy_pics/1414788838588.png 124 244 45 45
new_pics/tommy_pics/1414788839836.png 14 242 43 43 479 258 57 57
new_pics/tommy_pics/1414788841692.png 262 262 72 72
new_pics/tommy_pics/1414788841836.png 398 279 94 94
new_pics/tommy_pics/1414788854868.png 441 268 54 54
new_pics/tommy_pics/1414788855804.png 263 258 52 52 492 240 47 47
new_pics/tommy_pics/1414788856020.png 463 244 48 48 236 261 53 53
new_pics/tommy_pics/1414788856228.png 212 263 51 51 437 246 46 46
new_pics/tommy_pics/1414788856668.png 394 243 46 46 171 259 53 53
new_pics/tommy_pics/1414788856884.png 394 243 46 46 171 259 53 53
new_pics/tommy_pics/1414788857692.png 313 243 46 46 104 259 51 51
new_pics/tommy_pics/1414788857876.png 94 256 51 51 303 240 44 44
new_pics/tommy_pics/1414788910300.png 561 180 44 110
new_pics/tommy_pics/1414788912644.png 327 206 50 126 455 204 42 105
