/Users/cyrusanderson/Team_Avatar/labeled_.vec
pics/1404934388167.png 42 217 114 114
pics/1404934414191.png 350 217 49 49 159 223 40 40 398 234 42 42
pics/1404934514327.png 295 250 48 48 263 228 86 86
pics/1404934518527.png 349 272 84 84
pics/1404934536463.png 128 232 45 45
pics/1404934625679.png 87 140 43 43 375 235 117 117 160 228 92 92
pics/1404934628815.png 363 180 40 40
pics/1404934635991.png
pics/1404934639463.png 200 235 48 48 245 236 45 45 35 227 45 45 483 241 94 94
pics/1404934643015.png 564 129 46 46 12 221 62 62 4 220 84 84 549 126 88 88
pics/1404934655343.png
pics/1404934663863.png
pics/1404934691791.png 128 258 43 43
pics/1404934697527.png
pics/1404934703887.png 454 252 50 50 178 221 44 44 69 212 55 55 58 207 112 112
pics/1404934706671.png 90 256 64 64
pics/1404934716679.png
pics/1404934917167.png
pics/1404934921904.png 388 193 45 45
pics/1404934926920.png
pics/1404934935456.png
pics/1404934939176.png
pics/1404934954384.png
pics/1404934959264.png
pics/1404934962775.png
pics/1404934967496.png
pics/1404934972056.png 443 194 44 44
pics/1404934975472.png 134 234 43 43
pics/1404934981968.png 322 217 65 65 132 242 42 42 423 254 45 45
pics/1404934989928.png 441 259 41 41
pics/1404934992888.png 407 260 48 48 89 244 42 42 258 216 98 98
pics/1404934995599.png 164 261 48 48 5 223 85 85
pics/1404934998528.png 164 261 50 50 467 271 41 41 2 348 47 47 14 210 59 59 559 230 63 63 537 229 89 89
pics/1404935001048.png 75 251 60 60 415 269 41 41 550 181 45 45 528 238 67 67
pics/1404935003799.png 232 276 42 42 383 180 48 48 509 259 89 89
pics/1404935007279.png 572 354 41 41 410 258 40 40 281 284 48 48 520 229 98 98
pics/1404935010031.png 557 264 43 43 463 298 56 56
pics/1404935012599.png 412 262 42 42 350 302 65 65
pics/1404935015615.png 501 259 45 45 492 312 81 81
pics/1404935128216.png
pics/1404935135024.png
pics/1404935144783.png 81 335 59 59
pics/1404935150623.png
pics/1404935167776.png 282 285 42 42
pics/1404935171488.png 515 385 72 72
pics/1404935174751.png 125 247 45 45 431 248 41 41
pics/1404935177959.png 334 271 51 51
pics/1404935180480.png 196 259 46 46
pics/1404935184807.png 300 256 41 41
pics/1404935188624.png 345 266 48 48 416 183 44 44 370 182 45 45
pics/1404935191928.png 511 284 61 61 402 181 44 44
pics/1404935329152.png 421 250 132 132
pics/1404935365960.png 528 430 44 44
pics/1404935372168.png 63 293 45 45
pics/1404935900353.png
pics/1404935920184.png 583 251 53 53 26 209 86 86
pics/1404935942065.png 344 212 43 43
pics/1404935950641.png
pics/1404936152084.png 458 205 96 96 428 198 171 171
pics/1404936330740.png
pics/1404936344412.png
pics/1404936352356.png 551 166 46 46 519 259 89 89 379 215 60 60 352 209 100 100
pics/1404936355580.png 597 268 43 43 86 161 43 43 198 271 115 115
pics/1404936378148.png 277 227 45 45 21 246 64 64
pics/1404936381884.png 507 266 101 101 3 196 66 66 1 189 98 98
pics/1404936385316.png
pics/1404936388955.png 517 148 56 56
pics/1413757143224.png 153 267 44 44 353 216 51 51 287 224 53 53
pics/1413757422256.png 357 231 44 44 354 219 48 48
pics/1413757434368.png 29 223 41 41 408 235 44 44
pics/1413757448464.png 385 243 48 48 471 236 44 44 384 188 43 43 386 200 47 47 476 234 51 51 240 280 175 175
pics/1413757499128.png 491 225 54 54 267 359 99 99 470 172 83 83
pics/1413757503488.png 320 295 44 44 305 229 69 69 308 328 43 43 311 188 54 54 353 227 95 95 251 218 95 95 466 327 122 122
pics/1413757548136.png 281 238 40 40 359 244 43 43 89 236 47 47 150 225 102 102
pics/1413757558920.png 502 296 42 42 500 251 48 48 555 230 86 86
pics/1413757567976.png 352 222 43 43 124 273 71 71 61 237 91 91
pics/1413757570688.png 201 294 101 101 215 422 49 49
pics/1413757580009.png 174 288 47 47
pics/1413757582680.png 231 306 50 50
pics/1413757585488.png 290 324 59 59
pics/1413757586816.png 352 344 66 66
pics/1413757600672.png 441 296 49 49 421 214 75 75 150 244 106 106
pics/1413757602288.png 599 302 43 43
pics/1413757605689.png 131 311 47 47 44 237 45 45 299 262 117 117 226 242 215 215
pics/1413757608592.png 222 344 69 69
pics/1413757614184.png 468 290 43 43 574 250 50 50 388 214 47 47 214 266 117 117
pics/1413757624144.png 386 277 45 45
pics/1413757630016.png 346 232 41 41 198 272 43 43 310 232 46 46
pics/1413757636336.png 323 311 55 55 405 234 50 50 321 226 41 41 410 249 49 49 290 221 99 99
pics/1413757638616.png 263 263 43 43 330 230 46 46 460 341 64 64 304 230 44 44 423 239 48 48 441 179 51 51 58 270 110 110
pics/1413757643824.png 409 286 42 42 317 233 42 42 336 224 48 48
pics/1413757648752.png 121 269 48 48 125 207 48 48 181 209 43 43 443 240 111 111
pics/1404934388167.png 42 217 114 114
pics/1404934414191.png 398 234 42 42 350 217 49 49 159 223 40 40
pics/1404934420359.png 396 281 92 92 271 216 92 92
pics/1404934500207.png 520 233 41 41
pics/1404934505463.png 288 236 41 41
pics/1404934510799.png 149 238 55 55 544 248 45 45 101 135 44 44
pics/1404934514327.png 295 250 48 48 263 228 86 86
pics/1404934518527.png 349 272 84 84
pics/1404934536463.png 128 232 45 45
pics/1404934619951.png 442 153 47 47
pics/1404934625679.png 87 140 43 43 375 235 117 117 160 228 92 92
pics/1404934635991.png
pics/1404934639463.png 200 235 48 48 245 236 45 45 35 227 45 45 483 241 94 94
pics/1404934655343.png
pics/1404934663863.png
pics/1404934691791.png 128 258 43 43
pics/1404934697527.png
pics/1404934703887.png 178 221 44 44 69 212 55 55 454 252 50 50 58 207 112 112
pics/1404934706671.png 90 256 64 64
pics/1404934716679.png
pics/1404934917167.png
pics/1404934921904.png 388 193 45 45
pics/1404934926920.png
pics/1404934935456.png
pics/1404934939176.png
pics/1404934954384.png
pics/1404934959264.png
pics/1404934962775.png
pics/1404934967496.png
pics/1404934972056.png 443 194 44 44
pics/1404934975472.png 134 234 43 43
pics/1404934981968.png 322 217 65 65 132 242 42 42 423 254 45 45
pics/1404934989928.png 441 259 41 41
pics/1404934992888.png 407 260 48 48 89 244 42 42 258 216 98 98
pics/1404934995599.png 164 261 48 48 5 223 85 85
pics/1404934998528.png 164 261 50 50 467 271 41 41 2 348 47 47 14 210 59 59 559 230 63 63 537 229 89 89
pics/1404935001048.png 75 251 60 60 415 269 41 41 550 181 45 45 528 238 67 67
pics/1404935003799.png 232 276 42 42 383 180 48 48 509 259 89 89
pics/1404935007279.png 410 258 40 40 572 354 41 41 281 284 48 48 520 229 98 98
pics/1404935010031.png 557 264 43 43 463 298 56 56
pics/1404935012599.png 412 262 42 42 350 302 65 65
pics/1404935015615.png 501 259 45 45 492 312 81 81
pics/1404935128216.png
pics/1404935135024.png
pics/1404935144783.png 81 335 59 59
pics/1404935150623.png
pics/1404935167776.png 282 285 42 42
pics/1404935171488.png 515 385 72 72
pics/1404935174751.png 125 247 45 45 431 248 41 41
pics/1404935177959.png 334 271 51 51
pics/1404935180480.png 196 259 46 46
pics/1404935184807.png 300 256 41 41
pics/1404935188624.png 345 266 48 48 416 183 44 44 370 182 45 45
pics/1404935191928.png 511 284 61 61 402 181 44 44
pics/1404935318424.png 149 239 93 93
pics/1404935329152.png 421 250 132 132
pics/1404935365960.png 528 430 44 44
pics/1404935372168.png 63 293 45 45
pics/1404935893617.png
pics/1404935900353.png
pics/1404935920184.png 583 251 53 53 26 209 86 86
pics/1404935942065.png 344 212 43 43
pics/1404935950641.png
pics/1404936152084.png 458 205 96 96 428 198 171 171
pics/1404936330740.png
pics/1404936344412.png
pics/1404936352356.png 551 166 46 46 519 259 89 89 379 215 60 60 352 209 100 100
pics/1404936355580.png 597 268 43 43 86 161 43 43 198 271 115 115
pics/1404936378148.png 277 227 45 45 21 246 64 64
pics/1404936381884.png 507 266 101 101 3 196 66 66 1 189 98 98
pics/1404936385316.png
pics/1404936388955.png 517 148 56 56
pics/1413757143224.png 153 267 44 44 353 216 51 51 287 224 53 53
pics/1413757422256.png 357 231 44 44 354 219 48 48
pics/1413757434368.png 29 223 41 41 408 235 44 44
pics/1413757448464.png 384 188 43 43 385 243 48 48 471 236 44 44 386 200 47 47 476 234 51 51 240 280 175 175
pics/1413757499128.png 491 225 54 54 267 359 99 99 470 172 83 83
pics/1413757503488.png 305 229 69 69 308 328 43 43 320 295 44 44 311 188 54 54 353 227 95 95 251 218 95 95 466 327 122 122
pics/1413757523384.png 475 232 67 67
pics/1413757527280.png
pics/1413757528648.png 455 222 105 105 425 139 89 89
pics/1413757529456.png 155 280 85 85 108 205 230 230
pics/1413757548136.png 89 236 47 47 281 238 40 40 359 244 43 43 150 225 102 102
pics/1413757558920.png 500 251 48 48 502 296 42 42 555 230 86 86
pics/1413757567976.png 352 222 43 43 124 273 71 71 61 237 91 91
pics/1413757570688.png 201 294 101 101 215 422 49 49
pics/1413757580009.png 174 288 47 47
pics/1413757582680.png 231 306 50 50
pics/1413757585488.png 290 324 59 59
pics/1413757586816.png 352 344 66 66
pics/1413757600672.png 441 296 49 49 421 214 75 75 150 244 106 106
pics/1413757602288.png 599 302 43 43
pics/1413757605689.png 131 311 47 47 44 237 45 45 299 262 117 117 226 242 215 215
pics/1413757608592.png 222 344 69 69
pics/1413757614184.png 468 290 43 43 574 250 50 50 388 214 47 47 214 266 117 117
pics/1413757624144.png 386 277 45 45
pics/1413757630016.png 346 232 41 41 310 232 46 46 198 272 43 43
pics/1413757636336.png 323 311 55 55 405 234 50 50 321 226 41 41 410 249 49 49 290 221 99 99
pics/1413757638616.png 263 263 43 43 460 341 64 64 330 230 46 46 304 230 44 44 423 239 48 48 441 179 51 51 58 270 110 110
pics/1413757643824.png 409 286 42 42 317 233 42 42 336 224 48 48
pics/1413757648752.png 121 269 48 48 125 207 48 48 181 209 43 43 443 240 111 111
pics/1413757655320.png 532 267 44 44 36 225 46 46 518 332 50 50 434 243 56 56 451 235 80 80
pics/1413757659320.png 231 314 47 47 183 281 104 104
pics/1413757667104.png 175 314 49 49 442 279 43 43 387 237 51 51
pics/1413757712584.png 528 229 71 71
pics/1413757757665.png 280 219 59 59 490 205 46 46 494 248 42 42 490 210 61 61 301 306 58 58 489 228 57 57 360 232 80 80 307 133 100 100 492 321 89 89
pics/1404934505463.png 288 236 41 41
pics/1404934510799.png 149 238 55 55 544 248 45 45 101 135 44 44
pics/1414197383368.png 488 358 93 93 111 275 42 42
pics/1414197384607.png 150 282 43 43
pics/1414197384991.png 482 223 44 44 164 280 46 46
pics/1414197385375.png 484 224 44 44 179 290 46 46 592 198 46 46 160 232 202 202
pics/1414197385847.png 551 234 41 41 197 292 48 48 176 240 95 95
pics/1414197386351.png 553 231 42 42 597 200 44 44 219 302 50 50 197 248 44 44 182 250 78 78
pics/1414197386984.png 253 311 52 52 492 222 43 43 554 232 44 44
pics/1414197387399.png 276 320 58 58 550 235 52 52 173 242 89 89
pics/1414197387775.png 307 329 60 60 555 238 44 44
pics/1414197388207.png 341 341 65 65 189 245 50 50
pics/1414197388615.png 385 353 70 70 553 234 45 45
pics/1414197389249.png 483 379 74 74 560 235 46 46 262 257 41 41 176 245 82 82
pics/1414197389807.png 578 405 55 55 562 238 44 44
pics/1414197390207.png 295 261 43 43 565 234 43 43 154 244 111 111
pics/1414197390567.png 306 266 41 41 562 235 46 46
pics/1414197390927.png 322 271 40 40 574 237 41 41 173 244 87 87
pics/1414197391279.png 338 273 44 44
pics/1414197391639.png 377 271 43 43 549 183 40 40 584 233 48 48
pics/1414197392007.png 394 280 42 42 186 251 90 90
pics/1414197392343.png 402 285 44 44 578 243 45 45
pics/1414197392711.png 364 287 44 44
pics/1414197392991.png 385 286 45 45 309 224 48 48 213 257 104 104
pics/1414197393376.png 429 280 46 46 553 224 52 52 329 215 48 48 494 207 90 90
pics/1414197393791.png 387 291 45 45 445 224 75 75
pics/1414197394647.png 468 284 47 47 460 208 81 81
pics/1414197396007.png 42 278 42 42 511 219 82 82
pics/1414197396583.png 96 288 46 46 40 221 52 52 570 220 60 60 545 214 94 94 279 247 117 117
pics/1414197397081.png 118 304 46 46 463 213 45 45 54 232 50 50 285 255 118 118
pics/1414197397535.png 157 316 48 48 66 223 61 61 331 260 86 86 319 265 111 111
pics/1414197397927.png 186 312 52 52 379 256 52 52 63 227 45 45 345 251 101 101
pics/1414197398239.png 267 233 42 42 194 333 57 57
pics/1414197398567.png 205 338 60 60
pics/1414197398807.png 259 228 41 41 207 342 64 64 564 258 45 45
pics/1414197399143.png 256 366 73 73 594 265 41 41 422 271 43 43
pics/1414197399631.png 306 371 78 78 453 267 42 42
pics/1414197400207.png 390 436 42 42 450 280 44 44 302 269 118 118
pics/1414197401575.png 466 276 45 45 573 226 51 51
pics/1414197401911.png 559 228 44 44 375 231 43 43 473 280 44 44 589 244 48 48 415 209 50 50
pics/1414197402231.png 467 289 44 44 346 238 44 44
pics/1414197402575.png 471 284 44 44 382 208 43 43 545 184 51 51 197 262 143 143
pics/1414197402871.png 470 280 43 43 308 229 48 48 537 239 57 57
pics/1414197403368.png 575 261 42 42 482 287 45 45 300 230 45 45 347 207 45 45 528 239 48 48 494 238 55 55 514 182 50 50
pics/1414197404871.png 365 236 40 40 493 295 48 48 433 180 48 48 209 227 47 47 448 236 53 53 89 265 127 127
pics/1414197405239.png 508 304 47 47 1 242 41 41 435 242 48 48 400 232 52 52 195 235 48 48 71 244 179 179
pics/1414197405567.png 539 302 47 47 443 238 47 47 355 236 45 45 413 222 47 47
pics/1414197405944.png 559 303 50 50 344 232 45 45 389 213 91 91 5 250 196 196
pics/1414197406279.png 571 310 50 50 394 225 45 45 330 234 50 50 420 240 46 46 182 231 47 47
pics/1414197407847.png 316 226 43 43 449 195 44 44
pics/1414197408207.png 380 220 41 41 312 231 45 45 445 224 91 91
pics/1414197408575.png 303 234 44 44
pics/1414197408887.png 374 217 41 41 305 227 44 44
pics/1414197409087.png 306 223 45 45
pics/1414197409927.png 328 331 44 44 326 289 52 52
pics/1414197410215.png 304 297 51 51 305 341 47 47 286 293 134 134
pics/1414197410511.png 287 303 54 54 289 352 49 49
pics/1414197410767.png 295 309 58 58 346 226 41 41
pics/1414197410986.png 275 312 68 68 287 367 54 54
pics/1414197411199.png 261 310 70 70 346 295 96 96
pics/1414197411391.png 256 309 72 72 351 220 43 43 352 291 104 104
pics/1414197412031.png 336 227 43 43 306 227 45 45 203 274 47 47 74 269 95 95
pics/1414197412360.png 332 227 46 46 208 274 45 45 307 219 89 89 52 275 117 117
pics/1414197412735.png 338 227 45 45 227 278 47 47 307 226 45 45 48 258 139 139
pics/1414197413031.png 296 231 48 48 328 231 43 43 227 283 45 45 331 224 55 55 409 233 60 60 417 174 60 60 62 276 98 98
pics/1414197413335.png 336 231 45 45 246 288 47 47 422 239 48 48 63 274 110 110
pics/1414197413607.png 264 326 42 42 334 227 50 50 255 289 48 48 301 227 50 50 419 233 53 53
pics/1414197416696.png 469 343 63 63 299 228 44 44 422 236 44 44 526 242 44 44 331 225 59 59 491 401 59 59 42 262 131 131 438 204 152 152
pics/1414197417169.png 326 227 51 51 538 358 66 66 42 273 114 114
pics/1414197417447.png 581 369 53 53 322 231 48 48 38 276 105 105 390 207 136 136 400 193 172 172
pics/1414197418200.png 306 230 46 46 320 225 63 63 61 299 130 130
pics/1414197418471.png 306 229 48 48 414 280 43 43 319 220 75 75
pics/1414197419207.png 360 284 46 46 333 232 48 48 308 232 46 46 306 224 90 90
pics/1414197419641.png 389 288 44 44 337 232 53 53 45 273 126 126
pics/1414197420415.png 305 290 51 51 271 209 44 44 2 280 176 176
pics/1414197420711.png 121 269 48 48 125 207 48 48 181 209 43 43 443 240 111 111
pics/1414197427151.png 472 304 49 49 388 224 59 59 96 257 126 126
pics/1414197435175.png 283 294 58 58 35 199 53 53
pics/1414197437871.png 362 281 44 44 336 221 50 50 365 217 69 69
pics/1414197441288.png 234 232 41 41 561 339 62 62 178 160 86 86
pics/1414197442919.png
pics/1414197443519.png
pics/1414197443847.png
pics/1414197445703.png 557 292 44 44 545 248 45 45
pics/1414197446559.png 407 361 69 69
pics/1414197457839.png 314 307 44 44
pics/1414197462591.png 98 396 46 46
pics/1414197466071.png 418 294 42 42
pics/1414197467919.png 587 152 47 47 355 198 52 52
pics/1414197475375.png 595 260 43 43
pics/1414197476583.png 260 120 43 43 524 366 58 58
pics/1414197477257.png 265 346 59 59 245 343 94 94
pics/1414197477967.png 119 356 84 84
pics/1414197478511.png 273 359 70 70
pics/1414197479703.png 421 290 43 43
pics/1414197480583.png 165 223 227 227
pics/1413757655320.png 532 267 44 44 36 225 46 46 518 332 50 50 434 243 56 56 451 235 80 80
pics/1413757659320.png 231 314 47 47 183 281 104 104
pics/1413757667104.png 175 314 49 49 442 279 43 43 387 237 51 51
pics/1413757712584.png 528 229 71 71
pics/1414197382703.png 313 333 96 96
pics/1414197382991.png 391 341 95 95 476 187 44 44 536 188 74 74
pics/1414197496767.png 120 137 42 42 100 290 58 58
pics/1414197497447.png
pics/1414197498543.png
pics/1414197500151.png 201 307 48 48 303 228 84 84
pics/1414197500503.png 184 284 44 44
pics/1414197500919.png 134 292 51 51
pics/1414197501351.png 145 281 48 48
pics/1414197502015.png 348 307 45 45 298 149 47 47
pics/1414197502439.png 526 305 47 47
pics/1414197502919.png 311 156 43 43
pics/1414197510295.png 445 272 45 45 519 255 43 43
pics/1414197510855.png 408 276 42 42 495 259 45 45 474 237 44 44 490 134 86 86
pics/1414197511311.png 371 272 43 43 577 184 50 50
pics/1414197511895.png 304 261 44 44 361 205 43 43
pics/1414197512343.png
pics/1414197512767.png 505 241 43 43
pics/1414197513271.png 541 240 46 46
pics/1414197513799.png
pics/1414197516775.png 492 260 45 45
pics/1414197517252.png 583 302 46 46 90 237 42 42 413 251 42 42 479 213 51 51
pics/1414197517799.png 499 300 45 45 362 251 43 43
pics/1414197518207.png 472 301 46 46 360 257 44 44
pics/1414197518671.png 363 256 40 40 446 296 44 44 493 193 45 45
pics/1414197519144.png 412 289 42 42
pics/1414197519599.png 384 285 45 45 357 212 44 44
pics/1414197520103.png 370 212 42 42 473 226 92 92
pics/1414197520551.png 354 272 43 43 316 225 53 53
pics/1414197520983.png 351 273 41 41 346 254 53 53
pics/1414197521408.png 528 225 49 49
pics/1414197521807.png 498 236 84 84
pics/1414197522295.png 583 271 44 44 224 230 42 42 387 206 44 44 341 225 45 45 490 219 81 81
pics/1414197522759.png 473 220 98 98
pics/1414197523191.png 551 233 43 43 484 215 88 88
pics/1414197523599.png 518 225 52 52
pics/1414197524032.png 517 225 91 91
pics/1414197524455.png 537 194 43 43 510 270 50 50
pics/1414197524799.png 508 222 45 45 517 382 52 52 489 219 80 80
pics/1414197526599.png 510 293 44 44 348 230 45 45 272 213 89 89
pics/1414197526983.png 526 296 45 45 360 236 42 42 334 222 51 51 473 234 71 71
pics/1414197533279.png 584 216 41 41 479 352 98 98 45 128 168 168
pics/1414197533863.png 374 326 98 98
pics/1414197534511.png 572 273 49 49 279 299 93 93 318 367 45 45
pics/1414197535103.png 238 295 79 79 246 393 44 44 535 277 52 52 553 318 45 45
pics/1414197535599.png 499 269 51 51 198 283 75 75 218 338 44 44 473 219 64 64
pics/1414197536151.png 106 264 66 66 396 257 50 50
pics/1414197536654.png 65 261 59 59 343 255 50 50 523 229 52 52 458 191 41 41 390 215 86 86
pics/1414197538415.png 508 244 49 49 19 251 48 48 245 250 45 45 369 213 90 90 440 219 95 95
pics/1414197538887.png 35 248 46 46 247 249 46 46 509 254 42 42 389 225 55 55
pics/1414197539319.png 31 247 46 46 235 249 44 44 486 253 44 44 520 237 50 50 523 232 95 95
pics/1414197539711.png 22 245 44 44 220 245 43 43 469 243 45 45 511 233 56 56 432 225 117 117
pics/1414197540143.png 11 242 43 43 195 243 43 43 437 246 42 42 505 236 51 51 422 242 80 80 374 226 86 86
pics/1414197540536.png 0 242 43 43 173 242 44 44 494 236 52 52 408 246 45 45 414 271 60 60 364 222 68 68
pics/1414197540927.png 148 238 41 41 380 239 43 43 473 229 55 55
pics/1414197541327.png 125 410 45 45 344 226 57 57 128 236 44 44 464 228 45 45
pics/1414197554503.png 345 224 61 61 365 333 46 46 346 413 44 44 543 318 42 42 535 241 47 47 539 202 43 43 536 275 51 51 372 314 60 60
pics/1414197555039.png 314 314 45 45 299 217 63 63 122 376 43 43 507 221 46 46 327 306 50 50 210 391 48 48 509 345 84 84 348 214 93 93
pics/1414197555519.png 256 225 57 57 474 202 42 42 473 224 45 45 276 300 53 53 263 343 44 44 474 314 45 45 430 231 48 48 355 228 96 96
pics/1414197556015.png 245 220 59 59 465 211 41 41 469 229 41 41 466 245 41 41 265 293 53 53 430 235 49 49 387 240 57 57 457 217 69 69 320 131 101 101 477 328 126 126
pics/1414197556487.png 230 228 48 48 242 284 47 47 445 223 45 45 337 133 95 95 462 309 152 152
pics/1414197556895.png 232 221 51 51 244 279 51 51 448 204 45 45 444 231 49 49 481 320 148 148
pics/1414197557343.png 265 232 46 46 471 242 47 47 249 195 78 78
pics/1414197557783.png 283 226 46 46 291 273 43 43 529 242 44 44
pics/1414197558247.png 281 271 44 44 274 216 48 48 477 204 43 43 481 258 45 45 487 223 45 45
pics/1414197558687.png 222 213 46 46 228 261 48 48 430 226 40 40 32 208 54 54 421 188 48 48
pics/1414197559135.png 178 224 43 43 376 223 45 45 177 255 44 44
pics/1414197559559.png 122 228 44 44 315 233 41 41 441 229 43 43 112 194 52 52 44 131 94 94
pics/1414197559935.png 102 238 44 44 102 254 43 43 96 225 45 45 139 382 59 59 432 226 67 67
pics/1414197560263.png 81 222 52 52 87 202 44 44 451 328 138 138
pics/1414197560607.png 74 213 47 47
pics/1414197560951.png 68 228 43 43 67 199 44 44 381 179 50 50 230 410 51 51 55 199 76 76
pics/1414197561311.png 63 219 50 50 67 208 46 46 68 251 45 45
pics/1414197561679.png 72 200 44 44 72 224 43 43 294 189 43 43 70 248 51 51 359 231 98 98
pics/1414197562023.png 78 222 44 44 78 195 43 43 82 246 49 49
pics/1414197562606.png 79 214 44 44 75 189 55 55 76 214 59 59
pics/1414197562967.png 77 205 51 51 28 202 74 74 58 214 90 90
pics/1414197563399.png 83 247 41 41 74 208 64 64 29 203 95 95
pics/1414197563919.png 83 214 43 43 59 224 43 43 82 232 41 41 82 246 48 48 229 415 44 44 576 329 50 50 306 220 45 45 62 207 95 95
pics/1414197564423.png 62 204 97 97
pics/1414197564887.png 81 212 43 43 486 242 44 44 1 220 47 47
pics/1414197565415.png 79 231 44 44 459 236 45 45 75 238 44 44
pics/1414197565887.png 0 220 45 45 73 239 43 43
pics/1414197566439.png 507 216 41 41 385 228 45 45
pics/1414197568575.png
pics/1414197571575.png 118 168 63 63 121 256 57 57 443 204 44 44 568 233 44 44 559 361 49 49 563 254 56 56 114 356 87 87
pics/1414197572175.png 28 234 47 47 174 220 41 41 464 286 45 45 20 169 53 53 467 255 43 43 467 228 46 46 42 341 51 51
pics/1414197573287.png 274 214 48 48 270 281 46 46 272 303 44 44 285 312 44 44 242 229 50 50
pics/1414197573815.png 248 236 46 46 248 207 48 48 244 198 69 69
pics/1414197574279.png 273 232 45 45 278 200 45 45 316 207 41 41 273 205 57 57
pics/1414197575423.png 174 270 42 42 158 223 47 47 50 219 48 48
pics/1414197575968.png 524 274 42 42 236 214 53 53 530 236 43 43 505 233 45 45 547 194 51 51 230 258 104 104
pics/1414197576527.png 213 206 64 64 502 222 43 43 208 175 66 66 248 205 46 46 220 249 65 65 108 253 124 124
pics/1414197577136.png 156 211 55 55 168 260 45 45 412 209 94 94
pics/1414197577991.png 56 221 46 46 373 222 43 43 308 229 41 41
pics/1414197578815.png 23 216 43 43 349 225 45 45 396 233 43 43 247 219 53 53 329 214 86 86
pics/1414197579879.png 355 230 42 42
new_pics/michael_pics/1414787636986.png 566 122 42 42 266 335 63 63 428 257 45 45
new_pics/michael_pics/1414787637731.png 203 260 57 57
new_pics/michael_pics/1414787764331.png 314 268 55 55 322 294 43 43
new_pics/michael_pics/1414787764531.png 340 269 58 58
new_pics/michael_pics/1414787765339.png 309 263 51 51 437 131 43 43
new_pics/michael_pics/1414787765523.png 285 263 51 51 408 128 45 45 330 158 44 44
new_pics/michael_pics/1414787765747.png 255 266 51 51 378 130 52 52 214 138 43 43
new_pics/michael_pics/1414787765955.png 243 269 53 53 154 127 41 41 364 133 47 47
new_pics/michael_pics/1414787766475.png 382 121 43 43 284 258 57 57
new_pics/michael_pics/1414787766708.png 186 146 43 43 333 254 58 58
new_pics/michael_pics/1414787766931.png 381 258 60 60 199 138 44 44
new_pics/michael_pics/1414787767243.png 446 126 45 45 348 170 45 45 412 269 62 62 362 146 56 56
new_pics/michael_pics/1414787767641.png 324 125 45 45 189 129 43 43 397 142 47 47 395 293 74 74 228 148 48 48
new_pics/michael_pics/1414787767907.png 346 143 47 47 136 127 41 41 272 126 42 42 364 300 71 71
new_pics/michael_pics/1414787768146.png 241 124 43 43 315 141 44 44 349 294 77 77 280 136 115 115
new_pics/michael_pics/1414787768387.png 376 285 81 81 106 127 43 43 311 130 45 45 57 134 43 43
new_pics/michael_pics/1414787768587.png 322 124 43 43 404 277 80 80
new_pics/michael_pics/1414787779259.png 319 135 59 59 281 224 55 55
new_pics/michael_pics/1414787779467.png 300 123 91 91
new_pics/michael_pics/1414787779684.png
new_pics/michael_pics/1414787779963.png 298 131 62 62
new_pics/michael_pics/1414787780227.png
new_pics/michael_pics/1414787780507.png
new_pics/michael_pics/1414787780774.png 204 142 47 47
new_pics/michael_pics/1414787781027.png 143 133 89 89
new_pics/michael_pics/1414787781267.png
new_pics/michael_pics/1414787784811.png 75 271 45 45
new_pics/michael_pics/1414787784955.png 57 272 44 44 103 125 42 42 269 226 43 43 85 218 94 94
new_pics/michael_pics/1414787799059.png 386 134 41 41 74 214 112 112
new_pics/michael_pics/1414787799307.png 92 214 147 147
new_pics/michael_pics/1414787799547.png 453 123 42 42
new_pics/michael_pics/1414787799771.png 472 128 47 47
new_pics/michael_pics/1414787800027.png 206 144 43 43
new_pics/michael_pics/1414787806763.png 412 266 44 44
new_pics/michael_pics/1414787807011.png 337 265 43 43 557 255 76 76 492 257 94 94
new_pics/michael_pics/1414787807227.png 259 264 45 45
new_pics/michael_pics/1414787807443.png 183 260 45 45 220 264 66 66
new_pics/michael_pics/1414787807619.png 146 259 43 43
new_pics/michael_pics/1414787813267.png 40 233 98 98 226 221 119 119 39 223 170 170
new_pics/michael_pics/1414787817355.png 586 235 55 55 318 236 127 127 131 243 88 88
new_pics/michael_pics/1414787817571.png 352 232 132 132
new_pics/michael_pics/1414787817787.png 394 334 58 58 372 230 123 123 180 229 97 97
new_pics/michael_pics/1414787817947.png 376 340 72 72 375 231 128 128 243 243 97 97
new_pics/michael_pics/1414787828739.png 267 120 45 45 107 127 50 50 248 334 52 52 13 137 47 47 99 241 60 60 545 232 82 82 348 243 86 86 226 238 97 97
new_pics/michael_pics/1414787828971.png 379 122 41 41 220 129 51 51 383 338 52 52 345 240 92 92 360 337 91 91
new_pics/michael_pics/1414787829171.png 434 121 42 42 278 129 49 49 449 341 54 54 176 139 46 46 404 240 79 79 380 146 96 96
new_pics/michael_pics/1414787830283.png 371 158 44 44 350 327 60 60 142 225 47 47 259 223 99 99 319 321 96 96 382 235 104 104
new_pics/michael_pics/1414787833539.png 134 238 43 43 17 225 95 95
new_pics/michael_pics/1414787833819.png 17 230 45 45
new_pics/michael_pics/1414787834363.png 359 126 43 43
new_pics/michael_pics/1414787834627.png 371 126 44 44
new_pics/michael_pics/1414787834891.png 371 277 40 40 114 247 51 51
new_pics/michael_pics/1414787835147.png
new_pics/michael_pics/1414787835347.png 452 121 44 44 375 148 45 45
new_pics/michael_pics/1414787835555.png 452 272 40 40 469 121 45 45
new_pics/michael_pics/1414787835779.png 506 122 44 44 471 273 42 42 450 218 119 119
new_pics/michael_pics/1414787835995.png 542 126 44 44 514 282 42 42
new_pics/michael_pics/1414787836155.png 533 283 43 43 564 126 45 45
new_pics/michael_pics/1414787838907.png 562 327 48 48 246 236 40 40 298 149 41 41
new_pics/michael_pics/1414787839131.png 13 127 41 41 544 327 52 52 286 149 40 40
new_pics/michael_pics/1414787839347.png 276 147 41 41 528 328 54 54 227 234 44 44
new_pics/michael_pics/1414787839555.png 512 333 56 56 269 240 41 41 219 240 42 42
new_pics/michael_pics/1414787839747.png 173 237 44 44 503 332 57 57 24 196 138 138
new_pics/michael_pics/1414787839947.png 487 330 59 59 170 234 42 42 206 237 44 44 506 140 50 50
new_pics/michael_pics/1414787840131.png 585 120 44 44 479 330 59 59 201 232 43 43
new_pics/michael_pics/1414787840315.png 461 326 58 58 487 125 61 61
new_pics/michael_pics/1414787840507.png 177 228 46 46 441 322 57 57 231 229 43 43
new_pics/michael_pics/1414787840675.png 432 324 57 57 170 230 45 45
new_pics/michael_pics/1414787840859.png 276 125 44 44 423 323 56 56 167 232 48 48 214 142 40 40
new_pics/michael_pics/1414787841043.png 401 324 61 61 152 234 49 49 453 128 59 59
new_pics/michael_pics/1414787841235.png 379 356 46 46 369 325 57 57 127 233 48 48 175 144 42 42 441 145 41 41
new_pics/michael_pics/1414787841451.png 342 324 56 56 220 129 42 42 471 128 43 43 104 232 40 40
new_pics/michael_pics/1414787841635.png 272 318 55 55 161 126 46 46 415 130 43 43 28 230 42 42
new_pics/michael_pics/1414787841795.png 234 316 53 53 129 131 45 45 23 236 43 43
new_pics/michael_pics/1414787854067.png
new_pics/michael_pics/1414787854427.png
new_pics/michael_pics/1414787854611.png
new_pics/michael_pics/1414787854795.png
new_pics/michael_pics/1414787855107.png
new_pics/michael_pics/1414787856771.png
new_pics/michael_pics/1414787857035.png 354 121 43 43
new_pics/michael_pics/1414787857283.png
new_pics/michael_pics/1414787861323.png 414 302 48 48 361 144 86 86
new_pics/michael_pics/1414787861491.png 477 302 48 48 355 146 44 44
new_pics/michael_pics/1414787879259.png 174 240 42 42
new_pics/michael_pics/1414787879595.png 185 248 43 43
new_pics/michael_pics/1414787879915.png 207 248 43 43
new_pics/michael_pics/1414787880171.png 217 250 46 46
new_pics/michael_pics/1414787880459.png 229 248 44 44
new_pics/michael_pics/1414787880723.png 234 246 45 45
new_pics/michael_pics/1414787881011.png 226 242 48 48
new_pics/michael_pics/1414787881291.png 213 245 47 47
new_pics/michael_pics/1414787881547.png 192 246 47 47
new_pics/michael_pics/1414787881747.png 160 246 52 52 134 245 89 89
new_pics/michael_pics/1414787881939.png 142 248 51 51 166 167 50 50
new_pics/michael_pics/1414787886539.png 268 247 48 48
new_pics/michael_pics/1414787886715.png 230 245 49 49
new_pics/michael_pics/1414787886891.png 163 248 51 51
new_pics/michael_pics/1414787887051.png 131 251 49 49
new_pics/michael_pics/1414787887235.png 101 253 51 51
new_pics/michael_pics/1414788144195.png 295 284 41 41 358 300 46 46 423 141 104 104
new_pics/michael_pics/1414788144435.png 264 274 40 40 325 289 46 46
new_pics/michael_pics/1414788144667.png 255 266 43 43 316 282 45 45
new_pics/michael_pics/1414788144867.png 285 280 46 46
new_pics/michael_pics/1414788145091.png 272 281 47 47
new_pics/michael_pics/1414788145291.png 178 262 41 41 238 279 45 45 500 141 55 55
new_pics/michael_pics/1414788145483.png 138 277 41 41 193 291 47 47
new_pics/michael_pics/1414788145675.png 124 284 40 40 179 301 47 47
new_pics/michael_pics/1414788146043.png 118 267 42 42 175 288 47 47 269 127 117 117
new_pics/michael_pics/1414788146267.png 199 262 45 45
new_pics/michael_pics/1414788146451.png 172 244 41 41 226 262 47 47
new_pics/michael_pics/1414788146651.png 185 255 43 43 243 272 45 45
new_pics/michael_pics/1414788146843.png 215 284 42 42 272 300 49 49
new_pics/michael_pics/1414788147084.png 245 313 42 42 303 331 47 47
new_pics/michael_pics/1414788147923.png 512 266 44 44 561 404 54 54 563 381 54 54
new_pics/michael_pics/1414788148091.png 529 243 44 44 30 140 51 51 21 133 89 89
new_pics/michael_pics/1414788148283.png 530 230 45 45
new_pics/michael_pics/1414788148491.png 522 219 43 43
new_pics/michael_pics/1414788148723.png 501 238 44 44
new_pics/michael_pics/1414788148939.png 478 280 43 43
new_pics/michael_pics/1414788149147.png 467 293 43 43
new_pics/michael_pics/1414788149459.png 443 280 44 44
new_pics/michael_pics/1414788149691.png 429 249 46 46
new_pics/michael_pics/1414788149899.png 422 239 45 45
new_pics/michael_pics/1414788150795.png 190 282 47 47 223 326 73 73
new_pics/michael_pics/1414788150939.png 242 340 78 78 214 294 48 48
new_pics/michael_pics/1414788151163.png 279 318 47 47 303 365 80 80 120 163 78 78
new_pics/michael_pics/1414788151355.png 314 326 48 48 337 376 78 78
new_pics/michael_pics/1414788151555.png 381 331 47 47 250 185 47 47 404 385 75 75
new_pics/michael_pics/1414788151731.png 278 184 47 47 406 325 49 49 426 381 81 81
new_pics/michael_pics/1414788151948.png 444 320 50 50 460 384 82 82
new_pics/michael_pics/1414788152139.png 465 324 50 50 478 396 74 74 448 163 44 44
new_pics/michael_pics/1414788152331.png 469 325 51 51 256 268 41 41 12 168 51 51 480 396 78 78
new_pics/michael_pics/1414788152547.png 246 263 41 41 460 322 55 55 471 400 70 70 450 159 51 51
new_pics/michael_pics/1414788152747.png 231 272 40 40 439 330 56 56 397 430 47 47
new_pics/michael_pics/1414788152939.png 200 278 41 41 405 337 58 58 286 150 90 90
new_pics/michael_pics/1414788153155.png 182 278 43 43 392 342 56 56
new_pics/michael_pics/1414788153379.png 157 276 41 41 360 344 57 57
new_pics/michael_pics/1414788153531.png 157 276 41 41 360 344 57 57
new_pics/michael_pics/1414788153755.png 456 268 40 40 120 260 43 43 308 334 71 71 255 143 81 81
new_pics/michael_pics/1414788153947.png 98 265 42 42 278 343 74 74 231 136 94 94
new_pics/michael_pics/1414788154163.png 84 275 40 40 438 276 42 42 249 359 76 76 238 156 78 78
new_pics/michael_pics/1414788154371.png 76 277 42 42 429 280 42 42 236 361 77 77
new_pics/michael_pics/1414788154539.png 425 278 41 41 60 280 42 42 358 158 52 52 204 368 85 85
new_pics/michael_pics/1414788154804.png 53 278 43 43 425 280 43 43 245 154 77 77 175 377 90 90
new_pics/michael_pics/1414788154995.png 51 274 42 42 432 282 43 43 158 384 88 88
new_pics/michael_pics/1414788155211.png 54 272 42 42 440 282 43 43 156 390 85 85
new_pics/michael_pics/1414788155811.png 469 284 44 44 52 294 41 41
new_pics/michael_pics/1414788156011.png 453 297 45 45 28 304 42 42
new_pics/michael_pics/1414788157755.png 296 309 57 57
new_pics/michael_pics/1414788157939.png 330 320 61 61
new_pics/michael_pics/1414788158155.png 388 344 66 66
new_pics/michael_pics/1414788158323.png 420 414 41 41 422 354 71 71
new_pics/michael_pics/1414788160027.png 38 290 44 44
new_pics/michael_pics/1414788160195.png 37 315 48 48
new_pics/michael_pics/1414788160395.png 545 273 40 40 27 329 46 46
new_pics/michael_pics/1414788160571.png 520 266 40 40 1 338 42 42
new_pics/michael_pics/1414788163619.png 398 299 44 44
new_pics/michael_pics/1414788163827.png 371 276 44 44
new_pics/michael_pics/1414788163971.png 351 267 44 44 573 152 66 66
new_pics/michael_pics/1414788164627.png 2 279 40 40 221 139 112 112
new_pics/michael_pics/1414788166076.png 375 266 41 41 163 291 46 46
new_pics/michael_pics/1414788166267.png 156 312 44 44 371 285 42 42
new_pics/michael_pics/1414788166451.png 140 312 46 46 366 290 43 43
new_pics/michael_pics/1414788166643.png 364 283 42 42 133 299 47 47
new_pics/michael_pics/1414788166811.png 368 262 42 42 126 273 46 46
new_pics/michael_pics/1414788167011.png 124 267 50 50 374 259 42 42
new_pics/michael_pics/1414788167195.png 129 284 48 48 392 274 41 41
new_pics/michael_pics/1414788167355.png 134 297 46 46 398 282 43 43
new_pics/michael_pics/1414788168051.png 152 278 45 45 122 211 45 45
new_pics/michael_pics/1414788168243.png 173 307 45 45
new_pics/michael_pics/1414788168459.png 183 312 46 46
new_pics/michael_pics/1414788168683.png 210 310 48 48
new_pics/michael_pics/1414788168899.png 242 304 49 49
new_pics/michael_pics/1414788169116.png 280 304 48 48
new_pics/michael_pics/1414788169331.png 317 301 51 51
new_pics/michael_pics/1414788169515.png 331 297 52 52 238 213 45 45
new_pics/michael_pics/1414788170331.png 56 322 59 59 490 306 49 49
new_pics/michael_pics/1414788170532.png 38 330 56 56 478 307 49 49
new_pics/michael_pics/1414788170740.png 447 314 49 49 2 344 47 47 253 128 51 51
new_pics/michael_pics/1414788170931.png 409 314 50 50
new_pics/michael_pics/1414788171116.png 392 312 50 50
new_pics/michael_pics/1414788171315.png 357 306 55 55
new_pics/michael_pics/1414788171493.png 341 306 53 53
new_pics/michael_pics/1414788172779.png 239 324 57 57
new_pics/michael_pics/1414788172931.png 243 325 58 58
new_pics/michael_pics/1414788175523.png 521 290 41 41 114 168 45 45 107 121 59 59
new_pics/michael_pics/1414788175715.png 120 166 48 48 528 292 43 43
new_pics/michael_pics/1414788175899.png 534 283 43 43 126 165 47 47
new_pics/michael_pics/1414788176067.png 532 278 43 43
new_pics/michael_pics/1414788176379.png 493 292 43 43
new_pics/michael_pics/1414788176603.png 449 300 44 44
new_pics/michael_pics/1414788176843.png 476 237 42 42 387 293 46 46
new_pics/michael_pics/1414788177067.png 411 230 40 40 305 286 46 46
new_pics/michael_pics/1414788177291.png 260 287 46 46
new_pics/michael_pics/1414788177507.png 166 289 47 47
new_pics/michael_pics/1414788177667.png 86 283 46 46 213 228 43 43
new_pics/michael_pics/1414788181819.png 552 238 43 43 296 323 55 55
new_pics/michael_pics/1414788394243.png 232 334 43 43 232 308 50 50 276 149 52 52
new_pics/michael_pics/1414788394411.png 208 321 49 49 515 426 45 45 205 345 48 48
new_pics/michael_pics/1414788394611.png 160 337 49 49 160 366 50 50 333 257 114 114
new_pics/michael_pics/1414788394795.png 134 343 52 52 284 266 157 157
new_pics/michael_pics/1414788394980.png 85 353 61 61
new_pics/michael_pics/1414788395163.png
new_pics/michael_pics/1414788408531.png 263 218 44 44 344 227 86 86
new_pics/michael_pics/1414788408708.png 231 239 42 42 338 219 97 97 340 123 95 95
new_pics/michael_pics/1414788408971.png 224 223 43 43 339 206 102 102
new_pics/michael_pics/1414788409195.png 238 242 43 43 356 220 107 107
new_pics/michael_pics/1414788409420.png 263 280 42 42
new_pics/michael_pics/1414788409627.png 317 294 43 43 441 249 112 112
new_pics/michael_pics/1414788409859.png 392 293 45 45 516 238 107 107
new_pics/michael_pics/1414788410075.png 435 294 44 44
new_pics/michael_pics/1414788427836.png
new_pics/michael_pics/1414788428075.png
new_pics/michael_pics/1414788428371.png 164 134 86 86
new_pics/michael_pics/1414788428619.png
new_pics/michael_pics/1414788428875.png
new_pics/michael_pics/1414788429235.png 82 125 97 97
new_pics/michael_pics/1414788429619.png
new_pics/michael_pics/1414788430075.png 222 280 41 41 103 133 81 81
new_pics/michael_pics/1414788430332.png 262 291 41 41 112 134 90 90
new_pics/michael_pics/1414788430539.png
new_pics/michael_pics/1414788430731.png 334 295 41 41 162 162 91 91
new_pics/michael_pics/1414788430923.png 355 265 43 43
new_pics/michael_pics/1414788431139.png 357 263 43 43
new_pics/michael_pics/1414788431367.png 334 294 44 44 116 150 69 69
new_pics/michael_pics/1414788431587.png 312 308 43 43 88 142 81 81
new_pics/michael_pics/1414788431803.png 252 326 45 45
new_pics/michael_pics/1414788432051.png 186 336 44 44
new_pics/michael_pics/1414788432259.png 139 342 45 45
new_pics/michael_pics/1414788432475.png 106 324 45 45
new_pics/michael_pics/1414788432684.png 92 315 45 45
new_pics/michael_pics/1414788432899.png 61 318 47 47
new_pics/michael_pics/1414788433067.png 35 334 46 46
new_pics/michael_pics/1414788453219.png 37 259 47 47
new_pics/michael_pics/1414788453451.png 14 267 48 48
new_pics/michael_pics/1414788456604.png 524 311 59 59 360 161 44 44 338 233 74 74
new_pics/michael_pics/1414788456779.png 384 166 44 44 548 326 58 58
new_pics/michael_pics/1414788483795.png
new_pics/michael_pics/1414788484027.png 534 249 53 53 314 238 59 59
new_pics/michael_pics/1414788484235.png 584 254 52 52
new_pics/michael_pics/1414788484443.png 490 250 44 44 177 165 63 63 541 155 95 95
new_pics/michael_pics/1414788484675.png 426 241 50 50
new_pics/michael_pics/1414788484899.png 566 245 48 48 412 239 57 57 402 144 93 93
new_pics/michael_pics/1414788485067.png 519 240 55 55 304 238 53 53
new_pics/michael_pics/1414788486435.png 547 228 42 42 242 153 44 44
new_pics/michael_pics/1414788486643.png 572 232 50 50 511 235 55 55 199 167 63 63
new_pics/michael_pics/1414788486867.png 508 237 50 50 205 177 46 46 192 172 63 63
new_pics/michael_pics/1414788487091.png 357 259 43 43 220 156 45 45 517 225 55 55
new_pics/michael_pics/1414788487315.png 520 220 58 58 214 136 64 64
new_pics/michael_pics/1414788487547.png 232 137 61 61 540 224 51 51
new_pics/michael_pics/1414788487779.png 545 222 65 65
new_pics/michael_pics/1414788488035.png 418 278 40 40 573 234 49 49
new_pics/michael_pics/1414788488283.png 464 272 42 42
new_pics/michael_pics/1414788488491.png 479 272 43 43
new_pics/michael_pics/1414788488699.png 516 283 42 42
new_pics/michael_pics/1414788612612.png 435 270 181 181
new_pics/michael_pics/1414788612804.png 288 233 44 44 467 231 57 57 454 278 157 157
new_pics/michael_pics/1414788612939.png 461 270 142 142 196 281 173 173 369 265 178 178
new_pics/michael_pics/1414788613155.png 433 270 184 184
new_pics/michael_pics/1414788613323.png 21 206 47 47 453 268 158 158
new_pics/michael_pics/1414788614172.png
new_pics/michael_pics/1414788614395.png 165 235 43 43 350 202 41 41 354 191 51 51 279 313 124 124 404 338 112 112
new_pics/michael_pics/1414788614635.png 324 247 44 44 289 312 126 126
new_pics/michael_pics/1414788615069.png 40 300 92 92 30 270 175 175
new_pics/michael_pics/1414788615275.png 188 223 44 44 39 243 41 41 371 180 57 57 37 302 89 89 5 267 190 190
new_pics/michael_pics/1414788615475.png 10 242 44 44 141 223 77 77
new_pics/michael_pics/1414788615643.png 169 245 42 42 132 249 45 45 340 242 45 45 134 222 47 47
new_pics/michael_pics/1414788616563.png 194 239 40 40 430 250 42 42 569 196 45 45 540 227 86 86 376 290 132 132 421 291 138 138 205 275 145 145 237 281 180 180
new_pics/michael_pics/1414788616780.png 427 248 42 42 230 289 124 124 396 275 183 183
new_pics/michael_pics/1414788616979.png 423 245 42 42 188 167 47 47 558 177 47 47 554 223 59 59 540 216 93 93 202 273 147 147 235 278 152 152 386 266 180 180
new_pics/michael_pics/1414788617179.png 433 240 43 43 546 217 88 88 404 272 171 171
new_pics/michael_pics/1414788617355.png 429 242 43 43 438 228 55 55 558 222 63 63 399 264 177 177 218 272 187 187 15 272 179 179
new_pics/michael_pics/1414788617531.png 422 240 42 42 549 222 66 66 206 279 146 146 388 264 179 179 7 274 176 176
new_pics/michael_pics/1414788618267.png 49 241 43 43
new_pics/michael_pics/1414788618491.png 66 240 44 44
new_pics/michael_pics/1414788618675.png 64 244 43 43
new_pics/michael_pics/1414788618859.png 56 254 45 45 502 388 48 48
new_pics/michael_pics/1414788619043.png 45 253 43 43 276 353 112 112 378 309 135 135
new_pics/michael_pics/1414788619212.png 265 325 40 40 40 250 44 44 487 388 42 42 269 356 119 119
new_pics/michael_pics/1414788619995.png 370 257 47 47 75 245 44 44 371 292 104 104
new_pics/michael_pics/1414788620203.png 8 215 43 43 299 224 50 50 574 237 46 46 339 258 146 146
new_pics/michael_pics/1414788620403.png 257 212 47 47 535 225 46 46 254 190 78 78 258 233 203 203
new_pics/michael_pics/1414788620596.png 257 212 47 47 535 225 46 46 254 190 78 78 258 233 203 203
new_pics/michael_pics/1414788620795.png 280 262 49 49 568 279 45 45 471 182 57 57 293 276 191 191
new_pics/michael_pics/1414788620979.png 2 248 43 43 302 272 51 51 590 285 45 45 576 324 52 52 482 247 76 76 339 294 168 168
new_pics/michael_pics/1414788621147.png 324 256 50 50 16 238 45 45 511 230 67 67 241 214 91 91 491 228 99 99 346 280 178 178
new_pics/michael_pics/1414788622299.png 53 256 49 49 376 371 43 43 472 375 47 47 243 244 43 43 284 252 47 47 300 273 144 144
new_pics/michael_pics/1414788622483.png 46 266 49 49 281 262 47 47 400 391 45 45 503 396 46 46 501 144 48 48 388 231 65 65
new_pics/michael_pics/1414788622683.png 540 412 47 47 291 268 46 46 53 274 49 49 379 309 126 126
new_pics/michael_pics/1414788622892.png 278 267 48 48 39 271 49 49 541 416 49 49 120 329 120 120
new_pics/michael_pics/1414788623073.png 21 258 51 51 265 259 48 48 559 420 48 48
new_pics/michael_pics/1414788623219.png 561 428 46 46 7 255 50 50 250 257 49 49
new_pics/michael_pics/1414788624171.png 588 270 49 49 150 253 66 66 270 274 132 132
new_pics/michael_pics/1414788624547.png 472 165 43 43 133 251 71 71 594 278 46 46
new_pics/michael_pics/1414788876596.png 357 271 53 53 395 253 43 43
new_pics/michael_pics/1414788876836.png 266 273 55 55 299 253 42 42
new_pics/michael_pics/1414788878084.png 387 257 59 59 377 229 46 46
new_pics/michael_pics/1414788878316.png 456 256 63 63 432 228 45 45
new_pics/michael_pics/1414788884684.png 505 265 41 41
new_pics/michael_pics/1414788909660.png 341 190 47 47 532 210 43 43 533 238 43 43 346 264 53 53 532 187 56 56
new_pics/tommy_pics/1414787615126.png
new_pics/tommy_pics/1414787618140.png
new_pics/tommy_pics/1414787619562.png 452 246 44 44
new_pics/tommy_pics/1414787626091.png 483 252 45 45
new_pics/tommy_pics/1414787887403.png 50 252 52 52
new_pics/tommy_pics/1414787887603.png 9 253 49 49
new_pics/tommy_pics/1414787889779.png 231 235 42 42
new_pics/tommy_pics/1414787890067.png 210 235 42 42
new_pics/tommy_pics/1414787890523.png 149 228 43 43
new_pics/tommy_pics/1414787891651.png 207 257 43 43
new_pics/tommy_pics/1414787893115.png 131 280 65 65
new_pics/tommy_pics/1414787893347.png 200 271 69 69
new_pics/tommy_pics/1414787893547.png 262 267 73 73 30 165 45 45 70 146 100 100
new_pics/tommy_pics/1414787893739.png 295 270 69 69
new_pics/tommy_pics/1414787893931.png 346 271 68 68
new_pics/tommy_pics/1414787894827.png 284 229 44 44 540 228 47 47
new_pics/tommy_pics/1414787895011.png 306 236 44 44
new_pics/tommy_pics/1414787895195.png 315 233 46 46 562 230 44 44
new_pics/tommy_pics/1414787895403.png 333 234 44 44 576 235 44 44
new_pics/tommy_pics/1414787895619.png 342 237 44 44 586 237 43 43
new_pics/tommy_pics/1414787895811.png 341 237 44 44 587 239 42 42
new_pics/tommy_pics/1414787896019.png 325 234 45 45
new_pics/tommy_pics/1414787896243.png 293 228 45 45 545 227 41 41
new_pics/tommy_pics/1414787896403.png 271 225 45 45
new_pics/tommy_pics/1414787897219.png 356 247 46 46 153 144 99 99
new_pics/tommy_pics/1414787897411.png 318 250 47 47 112 150 104 104
new_pics/tommy_pics/1414787897598.png 300 249 46 46 93 145 104 104
new_pics/tommy_pics/1414787897779.png 299 243 46 46 93 140 107 107
new_pics/tommy_pics/1414787897971.png 306 217 46 46 306 234 47 47 92 128 112 112
new_pics/tommy_pics/1414787898163.png 314 226 49 49 97 127 114 114
new_pics/tommy_pics/1414787898435.png 336 232 49 49 120 129 112 112
new_pics/tommy_pics/1414787898651.png 40 223 46 46 360 247 45 45 99 155 53 53 138 139 108 108
new_pics/tommy_pics/1414787898835.png 369 247 49 49
new_pics/tommy_pics/1414787915547.png 530 274 73 73
new_pics/tommy_pics/1414787915667.png 550 280 81 81
new_pics/tommy_pics/1414787915827.png 584 279 50 50 583 305 53 53
new_pics/tommy_pics/1414787916003.png
new_pics/tommy_pics/1414787916131.png
new_pics/tommy_pics/1414787917227.png 133 285 81 81 167 234 44 44 274 165 45 45
new_pics/tommy_pics/1414787917395.png 119 285 81 81 158 234 45 45
new_pics/tommy_pics/1414787917547.png 103 286 83 83 147 232 46 46 365 262 44 44
new_pics/tommy_pics/1414787917699.png 87 288 79 79 135 234 42 42 149 126 43 43 147 167 40 40 249 164 48 48
new_pics/tommy_pics/1414787919219.png 366 292 46 46
new_pics/tommy_pics/1414787919395.png 65 269 44 44 340 295 46 46 40 168 48 48
new_pics/tommy_pics/1414787919947.png 279 294 52 52 10 262 50 50
new_pics/tommy_pics/1414787920147.png 239 293 51 51
new_pics/tommy_pics/1414787920315.png 214 293 51 51 96 152 41 41 188 289 83 83
new_pics/tommy_pics/1414787920491.png 154 296 55 55
new_pics/tommy_pics/1414787922443.png 241 270 42 42
new_pics/tommy_pics/1414787922651.png 302 270 44 44 396 131 46 46
new_pics/tommy_pics/1414787922835.png 370 268 45 45 71 216 55 55
new_pics/tommy_pics/1414787923011.png 405 271 44 44 463 130 45 45
new_pics/tommy_pics/1414787925781.png 151 227 43 43 185 263 43 43 533 162 49 49 101 376 94 94
new_pics/tommy_pics/1414787925939.png 117 272 44 44 90 235 44 44 10 382 91 91
new_pics/tommy_pics/1414787926099.png 79 278 42 42 57 239 44 44 446 165 50 50 2 406 54 54
new_pics/tommy_pics/1414787927483.png 125 284 43 43
new_pics/tommy_pics/1414787927699.png 123 284 42 42
new_pics/tommy_pics/1414787927923.png 114 278 46 46 231 133 59 59
new_pics/tommy_pics/1414787928155.png 82 224 46 46 81 276 44 44
new_pics/tommy_pics/1414787928411.png 45 228 48 48 44 284 43 43 337 280 43 43
new_pics/tommy_pics/1414787928643.png 23 232 43 43 17 294 46 46 317 289 41 41
new_pics/tommy_pics/1414787929067.png 331 268 43 43 15 290 47 47 14 222 51 51
new_pics/tommy_pics/1414787929387.png 62 219 41 41 72 294 47 47 408 256 43 43
new_pics/tommy_pics/1414787929595.png 482 258 43 43 132 300 55 55 342 218 61 61
new_pics/tommy_pics/1414787929819.png 539 265 44 44 185 302 55 55 318 153 44 44
new_pics/tommy_pics/1414787930027.png 201 307 58 58 557 274 43 43
new_pics/tommy_pics/1414787930259.png 218 331 62 62 574 298 44 44
new_pics/tommy_pics/1414787930476.png 202 352 74 74 573 319 44 44
new_pics/tommy_pics/1414787930659.png 555 317 44 44 168 360 83 83
new_pics/tommy_pics/1414787930843.png 542 309 45 45 149 365 86 86
new_pics/tommy_pics/1414787931795.png 270 122 43 43
new_pics/tommy_pics/1414787932011.png 51 149 41 41 318 147 42 42 30 129 43 43 436 288 45 45 364 232 122 122
new_pics/tommy_pics/1414787932203.png 73 139 51 51 373 149 47 47
new_pics/tommy_pics/1414787932371.png 106 137 45 45 528 296 43 43 187 174 50 50
new_pics/tommy_pics/1414787936411.png 263 283 46 46
new_pics/tommy_pics/1414788193451.png 454 261 47 47 116 347 59 59 75 273 87 87 342 134 88 88
new_pics/tommy_pics/1414788193651.png 459 264 46 46 111 353 61 61 74 279 88 88 348 131 86 86
new_pics/tommy_pics/1414788193844.png 482 268 46 46 112 357 71 71 84 281 90 90
new_pics/tommy_pics/1414788194403.png 169 372 65 65 589 268 47 47 160 279 98 98
new_pics/tommy_pics/1414788195779.png 153 283 52 52
new_pics/tommy_pics/1414788196459.png 233 259 54 54
new_pics/tommy_pics/1414788196676.png 237 262 55 55 233 291 40 40 519 130 92 92
new_pics/tommy_pics/1414788196891.png 228 269 56 56
new_pics/tommy_pics/1414788197107.png 218 283 57 57 484 152 97 97
new_pics/tommy_pics/1414788197347.png 207 298 60 60
new_pics/tommy_pics/1414788197539.png 200 300 65 65 339 169 98 98
new_pics/tommy_pics/1414788197739.png 192 293 65 65 397 160 86 86
new_pics/tommy_pics/1414788198132.png 187 277 67 67
new_pics/tommy_pics/1414788198363.png 204 293 67 67 49 136 86 86
new_pics/tommy_pics/1414788198547.png 252 309 69 69 245 347 48 48
new_pics/tommy_pics/1414788198747.png 283 313 75 75
new_pics/tommy_pics/1414788207499.png 390 223 65 65 37 163 40 40
new_pics/tommy_pics/1414788207763.png 409 237 66 66 600 434 40 40 420 179 50 50 309 238 115 115
new_pics/tommy_pics/1414788207971.png 405 241 60 60 41 190 44 44
new_pics/tommy_pics/1414788208171.png 382 241 56 56 147 244 52 52
new_pics/tommy_pics/1414788208372.png 350 231 58 58 116 227 48 48
new_pics/tommy_pics/1414788208587.png 327 224 62 62 584 231 46 46
new_pics/tommy_pics/1414788208803.png 276 219 61 61 575 256 48 48 535 230 48 48 20 204 90 90
new_pics/tommy_pics/1414788209011.png 230 226 58 58 522 254 55 55 492 232 43 43 237 168 55 55
new_pics/tommy_pics/1414788209235.png 473 253 54 54 182 234 62 62
new_pics/tommy_pics/1414788209467.png 436 250 52 52 144 236 60 60 404 231 90 90
new_pics/tommy_pics/1414788209667.png 127 233 61 61 390 232 42 42 419 252 49 49 398 224 82 82
new_pics/tommy_pics/1414788209883.png 95 223 58 58 351 224 44 44 380 244 53 53
new_pics/tommy_pics/1414788210083.png 353 240 52 52 69 211 57 57 337 218 83 83
new_pics/tommy_pics/1414788211731.png 149 243 60 60 429 254 56 56
new_pics/tommy_pics/1414788211987.png 123 239 65 65 404 262 52 52 26 246 102 102
new_pics/tommy_pics/1414788219739.png 196 240 43 43 129 244 49 49 196 224 88 88 220 135 97 97
new_pics/tommy_pics/1414788219939.png 116 268 52 52 183 266 46 46 442 274 44 44 387 158 43 43 180 246 124 124
new_pics/tommy_pics/1414788220155.png 171 274 47 47 104 275 56 56 376 174 44 44 178 259 44 44 166 261 91 91 187 172 102 102 180 258 114 114
new_pics/tommy_pics/1414788220355.png 94 261 56 56 163 261 45 45 150 243 86 86 175 158 97 97
new_pics/tommy_pics/1414788220563.png 91 261 55 55 160 253 48 48 492 132 50 50 93 239 57 57 144 242 89 89
new_pics/tommy_pics/1414788220755.png 89 263 56 56 156 253 49 49 153 240 53 53 167 154 90 90
new_pics/tommy_pics/1414788220979.png 105 259 56 56 168 245 56 56 173 141 96 96
new_pics/tommy_pics/1414788221211.png 206 248 60 60 146 262 54 54 138 248 91 91 204 143 95 95 202 232 109 109
new_pics/tommy_pics/1414788221411.png 237 255 66 66 177 264 72 72 211 238 62 62 240 157 86 86 213 238 130 130
new_pics/tommy_pics/1414788221619.png 263 287 58 58 592 131 44 44 330 279 48 48 184 152 82 82 300 166 92 92 272 256 110 110
new_pics/tommy_pics/1414788221771.png 10 196 48 48 381 279 48 48 311 284 70 70 346 168 85 85 373 264 88 88
new_pics/tommy_pics/1414788222899.png 123 279 40 40 192 296 51 51 513 238 47 47 497 232 61 61 459 233 69 69
new_pics/tommy_pics/1414788223083.png 499 223 45 45 178 274 52 52 105 256 41 41 240 213 46 46 469 223 47 47 42 215 55 55 211 204 143 143
new_pics/tommy_pics/1414788223283.png 491 220 46 46 167 271 45 45 154 269 66 66 207 203 86 86 164 259 76 76
new_pics/tommy_pics/1414788225619.png 419 217 40 40 338 232 99 99 236 208 92 92
new_pics/tommy_pics/1414788225811.png 298 253 94 94
new_pics/tommy_pics/1414788225955.png 324 267 51 51 292 294 69 69 169 233 90 90 285 271 89 89 272 246 101 101
new_pics/tommy_pics/1414788624731.png 104 248 72 72 576 282 57 57 396 123 84 84 419 209 99 99
new_pics/tommy_pics/1414788626419.png 155 272 55 55 272 303 98 98
new_pics/tommy_pics/1414788626651.png 159 274 56 56
new_pics/tommy_pics/1414788626867.png 167 274 58 58 238 251 43 43
new_pics/tommy_pics/1414788627227.png 172 271 61 61 69 331 126 126
new_pics/tommy_pics/1414788627451.png 182 275 61 61 67 337 126 126 175 288 175 175
new_pics/tommy_pics/1414788628204.png 197 238 44 44 233 295 126 126 382 206 59 59 142 291 91 91
new_pics/tommy_pics/1414788628403.png 190 200 45 45 100 240 44 44 108 296 127 127 172 402 54 54 125 184 95 95 77 346 111 111 304 303 148 148
new_pics/tommy_pics/1414788628587.png 139 208 46 46 594 291 44 44 44 247 47 47 103 415 52 52 40 307 120 120 77 190 89 89 289 311 86 86
new_pics/tommy_pics/1414788628956.png 11 212 42 42 466 289 84 84
new_pics/tommy_pics/1414788629155.png 278 275 78 78 61 212 91 91 326 308 94 94
new_pics/tommy_pics/1414788631676.png 23 205 52 52 246 274 96 96 81 159 55 55 49 129 111 111 13 282 160 160 285 282 177 177
new_pics/tommy_pics/1414788631843.png 303 308 104 104 40 254 42 42 151 226 48 48 59 217 76 76 64 315 153 153
new_pics/tommy_pics/1414788632740.png 312 303 113 113 67 210 88 88
new_pics/tommy_pics/1414788637099.png 464 218 44 44 480 262 53 53 339 217 55 55
new_pics/tommy_pics/1414788637291.png 437 214 44 44
new_pics/tommy_pics/1414788665844.png 420 240 42 42 262 228 41 41
new_pics/tommy_pics/1414788666579.png 287 230 40 40 445 243 42 42 49 287 167 167
new_pics/tommy_pics/1414788667883.png 115 244 42 42 44 275 188 188
new_pics/tommy_pics/1414788670243.png
new_pics/tommy_pics/1414788670507.png
new_pics/tommy_pics/1414788670731.png
new_pics/tommy_pics/1414788671052.png
new_pics/tommy_pics/1414788671459.png 362 306 142 142
new_pics/tommy_pics/1414788678931.png 353 246 40 40 517 256 41 41 84 312 115 115 443 293 152 152
new_pics/tommy_pics/1414788757900.png
new_pics/tommy_pics/1414788758108.png
new_pics/tommy_pics/1414788758324.png
new_pics/tommy_pics/1414788758508.png
new_pics/tommy_pics/1414788758908.png
new_pics/tommy_pics/1414788759124.png
new_pics/tommy_pics/1414788815548.png 291 296 60 60
new_pics/tommy_pics/1414788815708.png 291 296 60 60
new_pics/tommy_pics/1414788815868.png 458 315 77 77
new_pics/tommy_pics/1414788819140.png 11 143 45 45 16 162 46 46 298 274 47 47 7 144 60 60
new_pics/tommy_pics/1414788819366.png 345 298 56 56
new_pics/tommy_pics/1414788819580.png 345 298 56 56
new_pics/tommy_pics/1414788821412.png 271 277 47 47 445 164 47 47
new_pics/tommy_pics/1414788828612.png
new_pics/tommy_pics/1414788828924.png 100 223 57 57
new_pics/tommy_pics/1414788829176.png 100 223 57 57
new_pics/tommy_pics/1414788830148.png 328 277 43 43 266 127 80 80
new_pics/tommy_pics/1414788830372.png 291 282 50 50 195 191 41 41 232 200 42 42 262 146 92 92
new_pics/tommy_pics/1414788831020.png 280 293 59 59 211 128 100 100
new_pics/tommy_pics/1414788831500.png 259 261 42 42 279 298 53 53 200 122 117 117
new_pics/tommy_pics/1414788832656.png 265 291 52 52 64 211 107 107 358 127 101 101
new_pics/tommy_pics/1414788832860.png 265 291 52 52 358 127 101 101 64 211 107 107
new_pics/tommy_pics/1414788833036.png 268 303 52 52 68 215 46 46
new_pics/tommy_pics/1414788835276.png 219 240 44 44
new_pics/tommy_pics/1414788835500.png 188 245 43 43 398 227 92 92
new_pics/tommy_pics/1414788835708.png 169 246 45 45
new_pics/tommy_pics/1414788835924.png 169 246 45 45
new_pics/tommy_pics/1414788836332.png 185 250 45 45 102 157 98 98 402 220 120 120
new_pics/tommy_pics/1414788836540.png 185 250 45 45 102 157 98 98 402 220 120 120
new_pics/tommy_pics/1414788837884.png 101 254 44 44
new_pics/tommy_pics/1414788838124.png 101 254 44 44
new_pics/tommy_pics/1414788838356.png 127 247 45 45 409 217 106 106
new_pics/tommy_pics/1414788838588.png 124 246 46 46
new_pics/tommy_pics/1414788839836.png 16 242 45 45 474 257 64 64 317 196 49 49
new_pics/tommy_pics/1414788841692.png 256 258 82 82
new_pics/tommy_pics/1414788841836.png 397 278 99 99
new_pics/tommy_pics/1414788854868.png 440 268 56 56
new_pics/tommy_pics/1414788855804.png 262 257 56 56 490 240 51 51
new_pics/tommy_pics/1414788856020.png 236 262 53 53 462 245 50 50
new_pics/tommy_pics/1414788856228.png 211 263 54 54 435 247 48 48 416 244 95 95
new_pics/tommy_pics/1414788856668.png 172 260 52 52 392 243 48 48
new_pics/tommy_pics/1414788856884.png 172 260 52 52 392 243 48 48
new_pics/tommy_pics/1414788857692.png 104 261 50 50 502 234 40 40 311 243 49 49
new_pics/tommy_pics/1414788857876.png 94 256 51 51 301 240 47 47
new_pics/tommy_pics/1414788910300.png 556 185 49 49 566 264 43 43 552 265 64 64
new_pics/tommy_pics/1414788912644.png 321 219 59 59 456 275 45 45 455 249 43 43 321 317 75 75 576 190 45 45
