pics/1404934388167.png
pics/1404934414191.png 353 189 41 104
pics/1404934703887.png
pics/1404934706671.png
pics/1404934716679.png
pics/1404934917167.png
pics/1404934921904.png
pics/1404934926920.png
pics/1404934935456.png 138 179 45 113
pics/1404934939176.png 173 171 58 145
pics/1404934954384.png
pics/1404934959264.png
pics/1404934962775.png
pics/1404934967496.png
pics/1404934972056.png 8 187 36 89 253 190 34 86
pics/1404934975472.png 386 192 38 95 87 188 43 108
pics/1404934981968.png 330 201 52 130
pics/1404934992888.png 288 202 56 139
pics/1404934995599.png 527 195 54 134 19 191 65 162
pics/1404934998528.png 563 192 56 139 13 214 60 149
pics/1404935001048.png 572 238 34 86 536 197 55 136
pics/1404935003799.png 362 172 73 183
pics/1404935007279.png 543 194 67 168
pics/1404935900353.png 387 154 46 116
pics/1404935950641.png
pics/1404936152084.png 406 159 64 160
pics/1404936330740.png 60 159 38 95
pics/1404936344412.png 107 153 33 84 106 173 37 93
pics/1404936381884.png 307 153 36 92
pics/1404936385316.png 125 154 49 123
pics/1404936388955.png 528 197 48 120
pics/1413757143224.png 148 214 42 106
pics/1413757422256.png 163 197 33 83 419 229 36 90 20 185 34 85 167 235 36 90
pics/1413757434368.png 30 189 36 91 225 198 35 88 8 199 35 89 222 250 37 93 138 176 49 122
pics/1413757448464.png 384 191 50 125
pics/1413757499128.png 497 201 45 112
pics/1413757503488.png 312 191 49 123 312 354 35 89
pics/1404934388167.png
pics/1404934414191.png 353 189 41 104
pics/1404934697527.png
pics/1404934703887.png
pics/1404934706671.png
pics/1404934716679.png
pics/1404934917167.png
pics/1404934921904.png
pics/1404934926920.png
pics/1404934935456.png 138 179 45 113
pics/1404934939176.png 173 171 58 145
pics/1404934954384.png
pics/1404934959264.png
pics/1404934962775.png
pics/1404934967496.png
pics/1404934972056.png 8 187 36 89 253 190 34 86
pics/1404934975472.png 386 192 38 95 87 188 43 108
pics/1404934981968.png 330 201 52 130
pics/1404934992888.png 288 202 56 139
pics/1404934995599.png 527 195 54 134 19 191 65 162
pics/1404934998528.png 563 192 56 139 13 214 60 149
pics/1404935001048.png 572 238 34 86 536 197 55 136
pics/1404935003799.png 362 172 73 183
pics/1404935007279.png 543 194 67 168
pics/1404935893617.png
pics/1404935900353.png 387 154 46 116
pics/1404935950641.png
pics/1404936152084.png 406 159 64 160
pics/1404936330740.png 60 159 38 95
pics/1404936344412.png 107 153 33 84 106 173 37 93
pics/1404936381884.png 307 153 36 92
pics/1404936385316.png 125 154 49 123
pics/1404936388955.png 528 197 48 120
pics/1413757143224.png 148 214 42 106
pics/1413757422256.png 163 197 33 83 419 229 36 90 20 185 34 85 167 235 36 90
pics/1413757434368.png 30 189 36 91 225 198 35 88 8 199 35 89 222 250 37 93 138 176 49 122
pics/1413757448464.png 384 191 50 125
pics/1413757499128.png 497 201 45 112
pics/1413757503488.png 312 191 49 123 312 354 35 89
pics/1413757757665.png 494 190 41 102 293 200 51 127 273 164 42 106
pics/1414788612612.png 354 184 42 104
pics/1414788612804.png 353 185 41 103
pics/1414788612939.png 356 187 40 101
pics/1414788613155.png 348 183 41 103
pics/1414788613323.png 341 174 44 110
pics/1414788614172.png 182 176 45 112
pics/1414788614395.png 251 185 44 111
pics/1414788614635.png 602 288 35 87 264 187 46 114
pics/1414788615069.png 322 193 45 114
pics/1414788615275.png 319 188 49 124
pics/1414788615475.png 296 187 51 128
pics/1414788615643.png 277 185 51 127
pics/1414788616563.png 202 161 65 162
pics/1414788616780.png 575 172 34 86 203 181 54 136
pics/1414788616979.png 192 170 60 150
pics/1414788617179.png 579 242 34 86 190 159 61 151
pics/1414788617355.png 176 150 66 164
pics/1414788617531.png
pics/1414788618267.png 483 261 55 139 198 159 67 168
pics/1414788618491.png 504 270 48 120
pics/1414788618675.png 228 156 74 184
pics/1414788618859.png 220 174 76 189
pics/1414788619043.png 214 168 80 198
pics/1414788619212.png 475 288 55 139 220 165 79 197
pics/1414788622299.png
pics/1414788622483.png 506 307 38 96
pics/1414788622683.png 498 243 48 120
pics/1414788622892.png 504 251 39 97
pics/1414788623073.png
pics/1414788623219.png 527 286 32 81
pics/1414788909660.png 345 178 41 103 535 170 38 95
pics/1414197554503.png 539 197 41 103 360 212 54 134 336 155 45 112 533 236 62 155
pics/1414197555039.png 508 195 39 99 313 196 51 128
pics/1414197555519.png 474 194 41 103 267 203 48 121 466 264 53 134
pics/1414197556015.png 467 199 39 98 256 196 48 121 464 251 35 89
pics/1414197556487.png 236 193 45 114 448 194 36 91 439 223 62 156
pics/1414197556895.png 238 192 45 113 450 192 36 90 418 223 35 88 440 205 72 178
pics/1414197557343.png 269 205 41 102 474 212 43 107
pics/1414197557783.png 286 197 42 104 490 200 38 95 490 244 45 112
pics/1414197558247.png 481 204 33 83 280 193 40 101 472 212 61 152
pics/1414197558687.png 228 187 39 97 429 191 36 90 427 235 44 111
pics/1414197559135.png 180 187 39 97 379 189 36 91 377 232 46 114
pics/1414197559559.png 122 189 37 94 319 191 37 93 313 232 50 126
pics/1414197559935.png 295 190 35 88 101 189 39 96 106 237 38 94
pics/1414197560263.png 91 190 37 94 280 191 35 88
pics/1414197560607.png 80 188 36 91 268 189 32 82 71 150 53 134
pics/1414197560951.png 71 190 38 95 250 194 34 85 594 192 37 92
pics/1414197561311.png 71 187 38 95 246 194 34 86 69 227 43 107
pics/1414197561679.png 76 190 38 95 246 189 37 92
pics/1414197562023.png 84 191 36 89 252 195 35 87 252 227 37 93 83 235 41 102
pics/1414197562606.png 86 187 36 90 248 187 36 91
pics/1414197562967.png 243 193 33 84 84 188 37 93
pics/1414197563399.png 243 195 33 83 87 189 34 85 132 186 44 111
pics/1414197563919.png 88 193 34 86 237 214 36 89 81 190 52 130
pics/1414197564423.png 233 203 39 98 89 193 34 86 143 199 39 97
pics/1414197564887.png 147 199 37 92 229 196 37 91
pics/1414197565415.png 222 207 37 93
pics/1414197565887.png 212 208 35 88 3 190 41 104
pics/1414197566439.png 190 203 35 88 187 179 41 104
pics/1414197568575.png 130 175 43 107
pics/1414197571575.png 126 221 56 140 566 203 43 108 563 285 46 115 562 338 39 97 381 208 51 128 107 152 74 184
pics/1414197572175.png 465 191 44 110 32 211 54 136 319 168 72 179
pics/1414197573287.png 271 193 41 103 604 186 34 86 266 229 65 161
pics/1414197573815.png 248 198 38 95 250 261 34 86 247 289 43 107
pics/1414197574279.png 275 203 38 95
pics/1414197575423.png 457 213 42 105 162 199 40 100
pics/1414197575968.png 525 195 40 100 527 252 35 88 246 199 37 92
pics/1414197576527.png 227 187 37 92 500 194 36 91 228 235 40 102 264 155 53 132
pics/1414197577136.png 165 197 35 88 434 200 36 91 434 249 36 89 166 236 41 102
pics/1414197577991.png 60 191 35 88 311 190 35 88 312 239 35 89 62 231 44 109
pics/1414197578815.png 256 196 33 83 505 197 35 87 27 223 40 101
pics/1414197579879.png 241 200 32 81 34 217 37 91
pics/1414788637099.png 261 155 40 101 334 218 44 111
pics/1414788637291.png 356 166 39 97
pics/1414788665844.png
pics/1414788666579.png
pics/1414788670243.png 430 185 47 116
pics/1414788670507.png 441 182 49 122
pics/1414788670731.png 456 200 42 104
pics/1414788671052.png
pics/1414788671459.png 485 186 47 119
pics/1414788678931.png 177 194 42 104
pics/1414788757900.png 18 189 40 99
pics/1414788758108.png 93 179 40 99
pics/1414788758324.png 93 179 40 99
pics/1414788758508.png 127 167 41 102
pics/1414788758908.png 110 180 38 96
pics/1414788759124.png 94 197 37 92
pics/1414788910300.png 561 180 43 109
pics/1414788912644.png 327 207 50 125 455 204 42 104
