/Users/cyrusanderson/Team_Avatar/labeled_.vec
pics/1404934388167.png 44 217 105 105
pics/1404934414191.png 398 231 44 44 351 208 55 55
pics/1404934514327.png 295 250 47 47
pics/1404934518527.png 351 273 79 79
pics/1404934536463.png 129 231 44 44 132 228 59 59
pics/1404934625679.png 85 225 43 43 379 236 100 100
pics/1404934628815.png
pics/1404934635991.png
pics/1404934639463.png 202 235 48 48 247 236 46 46 278 235 50 50 482 243 92 92
pics/1404934643015.png 566 150 41 41 11 222 62 62
pics/1404934655343.png
pics/1404934663863.png
pics/1404934691791.png 257 181 42 42 128 259 43 43
pics/1404934697527.png 419 234 52 52
pics/1404934703887.png 454 251 50 50 176 221 44 44 34 221 47 47 80 152 59 59 64 207 62 62
pics/1404934706671.png 90 257 62 62
pics/1404934716679.png 433 180 48 48
pics/1404934917167.png
pics/1404934921904.png 388 191 44 44
pics/1404934926920.png
pics/1404934935456.png
pics/1404934939176.png
pics/1404934954384.png 480 166 66 66
pics/1404934959264.png
pics/1404934962775.png
pics/1404934967496.png 381 202 42 42
pics/1404934972056.png
pics/1404934975472.png 385 214 40 40 86 212 45 45
pics/1404934981968.png 131 244 42 42 422 253 46 46 318 217 77 77
pics/1404934989928.png 440 259 42 42
pics/1404934992888.png 90 245 42 42 407 259 47 47 259 214 103 103
pics/1404934995599.png 18 216 67 67 163 259 48 48 31 266 46 46 518 195 61 61
pics/1404934998528.png 163 260 49 49 471 272 41 41 23 213 47 47 560 235 64 64 523 240 57 57
pics/1404935001048.png 415 270 41 41 76 250 57 57 547 180 49 49 520 237 81 81
pics/1404935003799.png 386 179 45 45 232 277 43 43
pics/1404935007279.png 282 284 49 49 409 259 40 40 572 353 40 40 571 153 62 62 539 158 94 94 506 226 117 117
pics/1404935010031.png 557 263 42 42 466 298 52 52
pics/1404935012599.png 355 305 62 62 413 262 44 44
pics/1404935015615.png 495 314 77 77 501 259 43 43 535 168 50 50
pics/1404935128216.png
pics/1404935135024.png
pics/1404935144783.png 532 300 42 42 82 334 58 58
pics/1404935150623.png
pics/1404935167776.png 282 283 42 42
pics/1404935171488.png 512 383 75 75
pics/1404935174751.png 125 246 45 45 431 247 43 43
pics/1404935177959.png 336 270 51 51
pics/1404935180480.png 197 260 44 44
pics/1404935184807.png 299 254 43 43
pics/1404935188624.png 344 266 48 48 419 188 45 45
pics/1404935191928.png 509 284 60 60 401 175 47 47
pics/1404935329152.png
pics/1404935365960.png
pics/1404935372168.png 63 293 46 46
pics/1404935900353.png
pics/1404935920184.png 588 255 48 48 14 213 84 84
pics/1404935942065.png
pics/1404935950641.png
pics/1404936152084.png 463 205 101 101
pics/1404936330740.png
pics/1404936344412.png
pics/1404936352356.png 525 265 78 78 358 211 91 91
pics/1404936355580.png 197 278 106 106 596 268 44 44
pics/1404936378148.png 278 226 44 44 22 244 63 63
pics/1404936381884.png 506 265 97 97 6 192 51 51
pics/1404936385316.png
pics/1404936388955.png 518 148 53 53
pics/1413757143224.png 353 221 44 44
pics/1413757422256.png 354 222 44 44 518 249 50 50
pics/1413757434368.png 405 234 52 52 131 222 62 62
pics/1413757448464.png 385 240 48 48 384 189 45 45 243 283 181 181
pics/1413757499128.png 494 243 51 51 489 192 46 46 259 355 107 107
pics/1413757503488.png 319 296 43 43 308 185 62 62 299 223 85 85 54 240 48 48 300 168 47 47 298 164 62 62 248 217 95 95 355 228 98 98 410 219 101 101 465 324 123 123
pics/1413757548136.png 358 245 43 43 90 237 44 44
pics/1413757558920.png 500 251 49 49
pics/1413757567976.png 123 272 73 73 352 223 42 42 416 256 45 45
pics/1413757570688.png 202 295 99 99 215 423 49 49
pics/1413757580009.png 175 289 46 46 484 222 46 46 595 204 45 45
pics/1413757582680.png 231 308 49 49 192 244 48 48
pics/1413757585488.png 293 327 56 56 556 237 46 46 260 238 92 92
pics/1413757586816.png 558 233 40 40 356 348 60 60 190 246 52 52
pics/1413757600672.png 441 296 48 48 422 218 70 70 158 246 99 99
pics/1413757602288.png 599 301 43 43 502 241 50 50
pics/1413757605689.png 130 311 48 48 304 259 108 108
pics/1413757608592.png 225 344 66 66
pics/1413757614184.png 469 289 44 44 566 246 57 57
pics/1413757624144.png 387 277 44 44 521 243 44 44 390 310 41 41
pics/1413757630016.png 343 231 44 44 200 271 44 44 315 223 89 89 54 266 139 139
pics/1413757636336.png 325 312 53 53 409 237 47 47 283 212 104 104 398 211 89 89 40 267 117 117
pics/1413757638616.png 463 342 60 60 333 230 48 48 424 239 46 46 348 231 55 55 53 264 116 116 418 215 92 92
pics/1413757643824.png 312 231 48 48 408 288 42 42 311 221 95 95
pics/1413757648752.png 133 236 40 40 184 213 43 43 128 206 44 44 122 268 49 49 156 194 51 51 433 244 125 125
pics/1404934388167.png 44 217 105 105
pics/1404934414191.png 398 231 44 44 351 208 55 55
pics/1404934420359.png 399 280 86 86
pics/1404934500207.png 522 233 41 41 229 219 40 40
pics/1404934505463.png 292 236 41 41
pics/1404934510799.png 150 238 54 54 543 250 46 46 306 176 51 51
pics/1404934514327.png 295 250 47 47
pics/1404934518527.png 351 273 79 79
pics/1404934536463.png 129 231 44 44 132 228 59 59
pics/1404934619951.png 443 154 44 44 120 219 41 41
pics/1404934625679.png 85 225 43 43 379 236 100 100
pics/1404934635991.png
pics/1404934639463.png 202 235 48 48 247 236 46 46 278 235 50 50 482 243 92 92
pics/1404934655343.png
pics/1404934663863.png
pics/1404934691791.png 257 181 42 42 128 259 43 43
pics/1404934697527.png 419 234 52 52
pics/1404934703887.png 454 251 50 50 176 221 44 44 34 221 47 47 80 152 59 59 64 207 62 62
pics/1404934706671.png 90 257 62 62
pics/1404934716679.png 433 180 48 48
pics/1404934917167.png
pics/1404934921904.png 388 191 44 44
pics/1404934926920.png
pics/1404934935456.png
pics/1404934939176.png
pics/1404934954384.png 480 166 66 66
pics/1404934959264.png
pics/1404934962775.png
pics/1404934967496.png 381 202 42 42
pics/1404934972056.png
pics/1404934975472.png 385 214 40 40 86 212 45 45
pics/1404934981968.png 318 217 77 77 131 244 42 42 422 253 46 46
pics/1404934989928.png 440 259 42 42
pics/1404934992888.png 90 245 42 42 407 259 47 47 259 214 103 103
pics/1404934995599.png 163 259 48 48 18 216 67 67 31 266 46 46 518 195 61 61
pics/1404934998528.png 163 260 49 49 471 272 41 41 23 213 47 47 560 235 64 64 523 240 57 57
pics/1404935001048.png 76 250 57 57 415 270 41 41 547 180 49 49 520 237 81 81
pics/1404935003799.png 232 277 43 43 386 179 45 45
pics/1404935007279.png 282 284 49 49 409 259 40 40 572 353 40 40 571 153 62 62 539 158 94 94 506 226 117 117
pics/1404935010031.png 466 298 52 52 557 263 42 42
pics/1404935012599.png 355 305 62 62 413 262 44 44
pics/1404935015615.png 495 314 77 77 501 259 43 43 535 168 50 50
pics/1404935128216.png
pics/1404935135024.png
pics/1404935144783.png 82 334 58 58 532 300 42 42
pics/1404935150623.png
pics/1404935167776.png 282 283 42 42
pics/1404935171488.png 512 383 75 75
pics/1404935174751.png 125 246 45 45 431 247 43 43
pics/1404935177959.png 336 270 51 51
pics/1404935180480.png 197 260 44 44
pics/1404935184807.png 299 254 43 43
pics/1404935188624.png 344 266 48 48 419 188 45 45
pics/1404935191928.png 509 284 60 60 401 175 47 47
pics/1404935318424.png 144 237 92 92
pics/1404935329152.png
pics/1404935365960.png
pics/1404935372168.png 63 293 46 46
pics/1404935893617.png
pics/1404935900353.png
pics/1404935920184.png 588 255 48 48 14 213 84 84
pics/1404935942065.png
pics/1404935950641.png
pics/1404936152084.png 463 205 101 101
pics/1404936330740.png
pics/1404936344412.png
pics/1404936352356.png 525 265 78 78 358 211 91 91
pics/1404936355580.png 197 278 106 106 596 268 44 44
pics/1404936378148.png 278 226 44 44 22 244 63 63
pics/1404936381884.png 506 265 97 97 6 192 51 51
pics/1404936385316.png
pics/1404936388955.png 518 148 53 53
pics/1413757143224.png 353 221 44 44
pics/1413757422256.png 518 249 50 50 354 222 44 44
pics/1413757434368.png 405 234 52 52 131 222 62 62
pics/1413757448464.png 385 240 48 48 384 189 45 45 243 283 181 181
pics/1413757499128.png 494 243 51 51 489 192 46 46 259 355 107 107
pics/1413757503488.png 319 296 43 43 308 185 62 62 299 223 85 85 54 240 48 48 300 168 47 47 298 164 62 62 248 217 95 95 355 228 98 98 410 219 101 101 465 324 123 123
pics/1413757523384.png 361 211 43 43 484 241 49 49 170 228 62 62 464 220 81 81
pics/1413757527280.png
pics/1413757528648.png
pics/1413757529456.png 230 285 97 97
pics/1413757548136.png 90 237 44 44 358 245 43 43
pics/1413757558920.png 500 251 49 49
pics/1413757567976.png 123 272 73 73 352 223 42 42 416 256 45 45
pics/1413757570688.png 202 295 99 99 215 423 49 49
pics/1413757580009.png 175 289 46 46 484 222 46 46 595 204 45 45
pics/1413757582680.png 231 308 49 49 192 244 48 48
pics/1413757585488.png 293 327 56 56 556 237 46 46 260 238 92 92
pics/1413757586816.png 356 348 60 60 558 233 40 40 190 246 52 52
pics/1413757600672.png 441 296 48 48 422 218 70 70 158 246 99 99
pics/1413757602288.png 599 301 43 43 502 241 50 50
pics/1413757605689.png 130 311 48 48 304 259 108 108
pics/1413757608592.png 225 344 66 66
pics/1413757614184.png 469 289 44 44 566 246 57 57
pics/1413757624144.png 387 277 44 44 521 243 44 44 390 310 41 41
pics/1413757630016.png 200 271 44 44 343 231 44 44 315 223 89 89 54 266 139 139
pics/1413757636336.png 325 312 53 53 409 237 47 47 283 212 104 104 398 211 89 89 40 267 117 117
pics/1413757638616.png 463 342 60 60 333 230 48 48 424 239 46 46 348 231 55 55 53 264 116 116 418 215 92 92
pics/1413757643824.png 312 231 48 48 408 288 42 42 311 221 95 95
pics/1413757648752.png 133 236 40 40 122 268 49 49 184 213 43 43 128 206 44 44 156 194 51 51 433 244 125 125
pics/1413757655320.png 518 332 51 51 480 264 43 43 448 231 90 90 180 296 165 165
pics/1413757659320.png 231 314 49 49 183 280 108 108
pics/1413757667104.png 176 315 50 50 229 228 41 41 206 254 45 45 387 235 50 50 344 214 96 96 512 257 111 111
pics/1413757712584.png 546 271 41 41 535 234 58 58
pics/1413757757665.png 281 220 58 58 489 233 48 48 493 209 43 43 373 231 46 46 300 303 64 64 485 196 53 53 365 234 81 81
pics/1404934505463.png 292 236 41 41
pics/1404934510799.png 150 238 54 54 543 250 46 46 306 176 51 51
pics/1414197383368.png 492 362 86 86 110 275 42 42 573 198 43 43
pics/1414197384607.png 151 283 45 45 476 223 45 45
pics/1414197384991.png 164 281 45 45
pics/1414197385375.png 179 291 46 46 485 225 43 43 150 289 101 101 151 244 126 126
pics/1414197385847.png 199 293 48 48 260 235 91 91
pics/1414197386351.png 221 304 48 48
pics/1414197386984.png 253 314 51 51
pics/1414197387399.png 278 322 56 56 552 235 44 44 555 237 53 53
pics/1414197387775.png 309 332 57 57 552 237 50 50
pics/1414197388207.png 344 344 60 60 556 233 46 46 354 395 44 44
pics/1414197388615.png 389 357 63 63
pics/1414197389249.png 489 385 64 64 560 236 44 44 264 261 41 41
pics/1414197389807.png 581 412 49 49 559 235 51 51
pics/1414197390207.png 568 236 42 42 293 261 43 43
pics/1414197390567.png 308 267 43 43 350 222 43 43 561 236 48 48
pics/1414197390927.png 321 272 43 43 570 238 42 42
pics/1414197391279.png 339 275 44 44
pics/1414197391639.png 377 273 42 42 533 217 56 56
pics/1414197392007.png 394 280 43 43 534 222 58 58
pics/1414197392343.png 403 286 43 43 578 244 46 46 531 230 51 51
pics/1414197392711.png 365 288 45 45 488 249 44 44 372 215 51 51
pics/1414197392991.png 386 287 44 44 533 236 55 55 482 223 65 65
pics/1414197393376.png 430 280 46 46 516 174 46 46 508 223 46 46 555 223 48 48 240 252 104 104
pics/1414197393791.png 388 291 46 46 442 222 71 71
pics/1414197394647.png 468 284 48 48 471 207 51 51 191 238 112 112
pics/1414197396007.png 341 221 44 44 40 279 42 42 507 221 88 88
pics/1414197396583.png 95 288 46 46 564 223 70 70
pics/1414197397081.png 119 303 47 47 394 226 50 50 301 254 97 97
pics/1414197397535.png 156 315 50 50 538 262 48 48 70 222 63 63 326 266 99 99
pics/1414197397927.png 186 312 51 51 383 257 41 41
pics/1414197398239.png 195 333 55 55 269 231 42 42 217 233 52 52
pics/1414197398567.png 263 233 44 44 206 338 58 58 574 257 44 44
pics/1414197398807.png 208 341 64 64 258 227 44 44
pics/1414197399143.png 258 366 70 70 425 274 41 41 326 267 102 102
pics/1414197399631.png 308 372 76 76 454 267 42 42 340 263 111 111
pics/1414197400207.png 449 279 44 44 391 438 41 41 319 278 92 92
pics/1414197401575.png 468 275 46 46 572 228 51 51
pics/1414197401911.png 476 280 44 44 557 227 45 45
pics/1414197402231.png 468 289 43 43 566 246 62 62
pics/1414197402575.png 339 236 44 44 129 241 45 45 473 284 44 44 380 230 41 41 382 210 52 52 142 247 197 197
pics/1414197402871.png 471 279 43 43 362 203 41 41
pics/1414197403368.png 483 287 45 45 530 241 51 51
pics/1414197404871.png 361 231 47 47 494 294 48 48 209 225 52 52 447 235 51 51
pics/1414197405239.png 509 303 47 47 436 239 48 48 405 230 45 45
pics/1414197405567.png 411 236 44 44 540 302 46 46 362 194 41 41 353 233 53 53 441 238 51 51 516 234 59 59
pics/1414197405944.png 343 232 47 47 507 236 41 41 435 238 44 44 559 303 48 48 399 222 48 48
pics/1414197406279.png 183 231 44 44 573 310 48 48 334 234 44 44 420 240 50 50
pics/1414197407847.png
pics/1414197408207.png 443 239 47 47 304 231 58 58 449 222 94 94
pics/1414197408575.png 269 227 98 98
pics/1414197408887.png 473 199 44 44 306 228 46 46 158 228 41 41
pics/1414197409087.png 305 221 53 53
pics/1414197409927.png 327 333 45 45 325 290 53 53 301 229 57 57
pics/1414197410215.png 303 343 51 51 304 298 51 51 503 233 51 51 283 284 145 145
pics/1414197410511.png 286 305 54 54 292 353 48 48
pics/1414197410767.png 296 310 55 55 300 358 47 47
pics/1414197410986.png 278 314 61 61 286 370 53 53 72 295 174 174
pics/1414197411199.png 263 313 64 64 266 369 59 59
pics/1414197411391.png 258 312 65 65 353 223 43 43 273 372 47 47 523 230 60 60 355 301 86 86 59 283 173 173
pics/1414197412031.png 206 274 43 43 301 231 48 48 471 197 46 46
pics/1414197412360.png 210 276 44 44 333 228 44 44 298 226 52 52 520 238 53 53 414 244 61 61 302 210 97 97 58 273 112 112
pics/1414197412735.png 230 279 45 45 337 227 46 46 304 226 50 50 426 173 58 58 416 235 65 65 74 263 94 94
pics/1414197413031.png 229 283 46 46 329 230 48 48 295 229 50 50 412 235 55 55 416 173 62 62 299 218 89 89 475 221 95 95 54 271 114 114
pics/1414197413335.png 331 235 46 46 421 234 52 52 247 288 46 46 303 226 104 104 54 272 119 119
pics/1414197413607.png 421 233 51 51 257 289 47 47 336 229 45 45 51 276 122 122
pics/1414197416696.png 473 344 59 59 333 190 44 44 505 243 50 50 326 225 69 69 43 260 126 126
pics/1414197417169.png 318 227 62 62 542 360 61 61 365 188 57 57 42 267 120 120 406 197 158 158
pics/1414197417447.png 320 231 46 46 585 372 50 50 36 270 117 117 411 188 157 157
pics/1414197418200.png 299 227 54 54 419 277 41 41 20 286 177 177
pics/1414197418471.png 413 281 42 42 305 229 49 49
pics/1414197419207.png 324 229 70 70 362 285 43 43 49 270 115 115 387 185 184 184
pics/1414197419641.png 387 288 44 44 315 229 44 44 336 228 55 55 46 269 127 127
pics/1414197420415.png 306 290 49 49 294 237 42 42 468 228 48 48 265 209 46 46 348 236 50 50
pics/1414197420711.png 133 236 40 40 122 268 49 49 184 213 43 43 128 206 44 44 156 194 51 51 433 244 125 125
pics/1414197427151.png 473 303 52 52 581 242 50 50 222 219 59 59 95 254 126 126
pics/1414197435175.png 284 293 56 56 34 204 48 48
pics/1414197437871.png 363 281 43 43 258 219 41 41 361 225 52 52 370 224 62 62
pics/1414197441288.png 560 337 64 64 174 160 96 96
pics/1414197442919.png
pics/1414197443519.png
pics/1414197443847.png
pics/1414197445703.png 67 276 40 40 546 250 47 47
pics/1414197446559.png 29 268 41 41 408 362 66 66 425 400 46 46
pics/1414197457839.png 314 307 43 43 110 265 45 45
pics/1414197462591.png 124 411 42 42 96 394 48 48
pics/1414197466071.png 418 293 44 44
pics/1414197467919.png
pics/1414197475375.png 331 228 43 43
pics/1414197476583.png 522 361 60 60
pics/1414197477257.png 257 344 69 69
pics/1414197477967.png 377 206 44 44 125 359 74 74
pics/1414197478511.png 268 352 75 75
pics/1414197479703.png 423 289 42 42
pics/1414197480583.png
pics/1413757655320.png 518 332 51 51 480 264 43 43 448 231 90 90 180 296 165 165
pics/1413757659320.png 231 314 49 49 183 280 108 108
pics/1413757667104.png 176 315 50 50 229 228 41 41 206 254 45 45 387 235 50 50 344 214 96 96 512 257 111 111
pics/1413757712584.png 546 271 41 41 535 234 58 58
pics/1414197382703.png 315 336 90 90 41 268 41 41
pics/1414197382991.png 394 343 89 89 78 263 42 42
pics/1414197496767.png 105 296 48 48 78 270 100 100
pics/1414197497447.png
pics/1414197498543.png
pics/1414197500151.png 173 147 43 43 202 307 48 48
pics/1414197500503.png 184 284 47 47
pics/1414197500919.png 134 292 48 48
pics/1414197501351.png 145 280 48 48
pics/1414197502015.png 297 147 45 45 345 306 50 50
pics/1414197502439.png 454 147 43 43 527 305 45 45
pics/1414197502919.png
pics/1414197510295.png 447 272 44 44 522 256 43 43
pics/1414197510855.png 411 277 42 42 476 233 42 42
pics/1414197511311.png 372 271 42 42 462 236 44 44
pics/1414197511895.png 303 261 43 43
pics/1414197512343.png 296 263 45 45 596 206 43 43 344 222 41 41
pics/1414197512767.png
pics/1414197513271.png 540 242 48 48
pics/1414197513799.png
pics/1414197516775.png 492 259 44 44 550 184 47 47 568 235 48 48
pics/1414197517252.png 585 302 44 44
pics/1414197517799.png 364 252 41 41 498 299 47 47 468 176 52 52
pics/1414197518207.png 472 302 45 45 467 226 46 46 360 257 47 47
pics/1414197518671.png 446 296 45 45 87 242 48 48
pics/1414197519144.png 413 289 43 43
pics/1414197519599.png 386 285 42 42 78 228 48 48
pics/1414197520103.png 369 284 40 40 500 227 48 48 84 234 54 54
pics/1414197520551.png 514 224 47 47
pics/1414197520983.png
pics/1414197521408.png
pics/1414197521807.png 518 230 48 48 491 233 90 90
pics/1414197522295.png 580 267 43 43
pics/1414197522759.png 472 215 96 96
pics/1414197523191.png 548 266 41 41 493 219 74 74
pics/1414197523599.png 522 225 48 48
pics/1414197524032.png 540 271 45 45 539 225 51 51
pics/1414197524455.png 351 227 45 45 531 225 48 48 524 229 62 62
pics/1414197524799.png 465 262 42 42 323 224 48 48 493 219 67 67
pics/1414197526599.png 509 293 44 44 294 217 46 46
pics/1414197526983.png 526 295 46 46
pics/1414197533279.png 481 358 91 91 532 411 59 59
pics/1414197533863.png 375 331 90 90 422 403 50 50
pics/1414197534511.png 280 303 84 84 319 367 44 44 572 273 49 49
pics/1414197535103.png 240 299 75 75 535 277 51 51 265 354 43 43 243 392 47 47 463 219 90 90
pics/1414197535599.png 199 285 73 73 499 270 49 49 552 236 47 47 180 241 190 190
pics/1414197536151.png 107 265 63 63 396 256 51 51 124 361 44 44 501 229 69 69 436 221 88 88
pics/1414197536654.png 343 254 49 49 65 261 60 60 522 227 53 53 386 215 97 97
pics/1414197538415.png 19 251 48 48 245 250 45 45 509 245 48 48 85 217 44 44 368 217 87 87
pics/1414197538887.png 36 247 47 47 249 250 45 45 510 255 42 42 384 220 88 88
pics/1414197539319.png 31 247 45 45 235 249 45 45 488 252 43 43 388 224 101 101
pics/1414197539711.png 23 245 44 44 219 245 44 44 467 245 45 45 29 282 46 46 424 247 61 61 455 227 86 86
pics/1414197540143.png 11 241 44 44 196 242 44 44 433 246 48 48 507 241 47 47 369 217 91 91
pics/1414197540536.png 172 242 43 43 409 245 44 44 495 238 46 46 360 219 84 84 492 227 100 100
pics/1414197540927.png 148 239 43 43 379 240 43 43 352 220 46 46
pics/1414197541327.png 348 232 48 48 131 237 41 41 330 219 91 91
pics/1414197554503.png 334 147 42 42 346 228 62 62 374 319 47 47 538 235 46 46 348 413 45 45 361 335 43 43 382 334 46 46 224 379 62 62
pics/1414197555039.png 300 218 62 62 505 215 47 47 503 243 45 45 322 307 46 46 491 279 122 122
pics/1414197555519.png 256 225 56 56 277 300 53 53 473 229 46 46 472 197 43 43 242 413 43 43 262 343 48 48 248 158 45 45 170 367 45 45 355 233 91 91
pics/1414197556015.png 246 222 58 58 466 208 44 44 466 242 43 43 263 291 55 55 384 235 64 64 468 324 136 136
pics/1414197556487.png 230 229 49 49 446 224 43 43 241 284 50 50 216 272 95 95
pics/1414197556895.png 231 220 51 51 447 233 44 44 245 280 47 47 450 204 47 47
pics/1414197557343.png 264 233 47 47 477 245 42 42 533 210 43 43
pics/1414197557783.png 282 229 47 47 290 274 44 44 488 223 41 41
pics/1414197558247.png 277 237 46 46 271 202 49 49 479 268 45 45 275 269 60 60
pics/1414197558687.png 223 211 46 46 428 217 42 42 38 210 47 47 231 263 44 44 438 246 61 61
pics/1414197559135.png 177 228 43 43 376 225 44 44 175 193 41 41 376 197 42 42 333 216 83 83
pics/1414197559559.png 319 223 43 43 121 230 45 45 443 231 43 43
pics/1414197559935.png 94 195 45 45 95 251 50 50 289 219 45 45 355 243 56 56
pics/1414197560263.png 83 223 49 49 276 218 47 47
pics/1414197560607.png 74 215 47 47 72 192 43 43 415 229 94 94
pics/1414197560951.png 68 227 42 42 247 224 43 43 234 409 45 45 68 201 41 41 374 233 50 50 58 199 67 67
pics/1414197561311.png 65 198 46 46 66 224 43 43 121 387 50 50 331 239 78 78 260 221 86 86
pics/1414197561679.png 290 192 43 43 72 224 42 42
pics/1414197562023.png 248 217 44 44 77 224 44 44
pics/1414197562606.png 241 358 44 44 442 233 44 44 72 207 60 60 436 226 73 73
pics/1414197562967.png 80 207 46 46 56 213 88 88
pics/1414197563399.png 376 231 71 71 44 207 90 90
pics/1414197563919.png 83 213 45 45 56 207 105 105
pics/1414197564423.png 387 233 61 61 68 210 71 71
pics/1414197564887.png
pics/1414197565415.png 80 210 44 44
pics/1414197565887.png 72 235 43 43 505 203 45 45 0 218 47 47 135 209 61 61 51 204 92 92
pics/1414197566439.png 101 223 41 41
pics/1414197568575.png 269 394 48 48
pics/1414197571575.png 122 259 55 55 118 171 62 62 558 356 51 51 111 358 91 91
pics/1414197572175.png 29 236 46 46 465 324 41 41 462 228 51 51 21 172 49 49 462 251 50 50 37 293 44 44 195 211 46 46 36 343 58 58 469 193 57 57 15 227 83 83
pics/1414197573287.png 301 189 43 43 274 211 49 49 269 280 49 49 526 263 46 46 271 245 46 46 267 226 53 53 255 308 92 92
pics/1414197573815.png 274 197 43 43 246 231 47 47
pics/1414197574279.png 276 209 47 47
pics/1414197575423.png 161 238 47 47 151 199 51 51 515 227 50 50 150 267 100 100
pics/1414197575968.png 242 234 47 47 506 236 41 41 525 277 45 45 235 194 42 42 236 207 50 50 227 206 80 80
pics/1414197576527.png 217 202 56 56 501 195 44 44
pics/1414197577136.png 165 236 46 46 158 213 51 51 433 268 43 43
pics/1414197577991.png 5 214 41 41 55 219 47 47 372 219 46 46 103 240 174 174
pics/1414197578815.png 17 201 42 42 348 229 44 44 504 223 43 43 391 231 48 48 94 212 50 50 351 217 48 48 23 221 44 44
pics/1414197579879.png 356 219 66 66
new_pics/michael_pics/1414787636986.png 268 337 60 60 428 257 46 46 403 146 47 47
new_pics/michael_pics/1414787637731.png 202 259 57 57 212 284 44 44
new_pics/michael_pics/1414787764331.png 315 269 53 53 323 293 43 43
new_pics/michael_pics/1414787764531.png 341 270 56 56
new_pics/michael_pics/1414787765339.png 309 262 50 50 175 434 47 47
new_pics/michael_pics/1414787765523.png 284 262 51 51
new_pics/michael_pics/1414787765747.png 252 264 54 54
new_pics/michael_pics/1414787765955.png 243 269 55 55
new_pics/michael_pics/1414787766475.png 282 257 59 59
new_pics/michael_pics/1414787766708.png 334 253 56 56
new_pics/michael_pics/1414787766931.png 383 259 58 58
new_pics/michael_pics/1414787767243.png 413 268 61 61
new_pics/michael_pics/1414787767641.png 235 148 45 45 400 146 44 44 398 292 72 72
new_pics/michael_pics/1414787767907.png 348 147 43 43 363 296 71 71
new_pics/michael_pics/1414787768146.png 350 294 75 75
new_pics/michael_pics/1414787768387.png 157 150 40 40 375 283 81 81
new_pics/michael_pics/1414787768587.png 402 275 82 82
new_pics/michael_pics/1414787779259.png
new_pics/michael_pics/1414787779467.png
new_pics/michael_pics/1414787779684.png
new_pics/michael_pics/1414787779963.png
new_pics/michael_pics/1414787780227.png
new_pics/michael_pics/1414787780507.png
new_pics/michael_pics/1414787780774.png
new_pics/michael_pics/1414787781027.png
new_pics/michael_pics/1414787781267.png
new_pics/michael_pics/1414787784811.png 75 272 45 45 534 247 97 97
new_pics/michael_pics/1414787784955.png 57 272 44 44 122 219 51 51 104 221 59 59
new_pics/michael_pics/1414787799059.png
new_pics/michael_pics/1414787799307.png 88 220 163 163
new_pics/michael_pics/1414787799547.png
new_pics/michael_pics/1414787799771.png
new_pics/michael_pics/1414787800027.png
new_pics/michael_pics/1414787806763.png 413 267 43 43 386 240 96 96
new_pics/michael_pics/1414787807011.png 338 265 43 43 487 246 102 102
new_pics/michael_pics/1414787807227.png 259 263 44 44 479 251 88 88
new_pics/michael_pics/1414787807443.png 182 259 44 44
new_pics/michael_pics/1414787807619.png 145 257 45 45
new_pics/michael_pics/1414787813267.png 41 232 99 99
new_pics/michael_pics/1414787817355.png 319 237 126 126 130 230 93 93
new_pics/michael_pics/1414787817571.png 349 233 133 133 199 245 163 163
new_pics/michael_pics/1414787817787.png 376 330 77 77 368 229 136 136 213 248 168 168
new_pics/michael_pics/1414787817947.png 376 342 71 71 258 247 71 71 372 230 133 133 183 223 99 99 224 227 154 154
new_pics/michael_pics/1414787828739.png 248 335 52 52 374 255 55 55 548 232 77 77 231 231 86 86 335 242 104 104
new_pics/michael_pics/1414787828971.png 383 340 52 52 347 234 84 84
new_pics/michael_pics/1414787829171.png 281 245 46 46 451 341 53 53 549 265 46 46 415 240 59 59 404 240 86 86 438 335 89 89
new_pics/michael_pics/1414787830283.png 350 327 58 58 266 223 82 82
new_pics/michael_pics/1414787833539.png 83 230 42 42 133 238 47 47 25 232 68 68
new_pics/michael_pics/1414787833819.png 13 232 41 41 13 232 59 59
new_pics/michael_pics/1414787834363.png
new_pics/michael_pics/1414787834627.png 45 244 41 41 89 247 45 45
new_pics/michael_pics/1414787834891.png 372 273 43 43
new_pics/michael_pics/1414787835147.png 397 274 40 40 142 245 50 50 189 245 78 78
new_pics/michael_pics/1414787835347.png 425 270 42 42
new_pics/michael_pics/1414787835555.png 442 269 42 42
new_pics/michael_pics/1414787835779.png 468 274 45 45
new_pics/michael_pics/1414787835995.png 192 241 43 43 512 282 43 43 305 242 83 83
new_pics/michael_pics/1414787836155.png 534 284 42 42 520 281 59 59
new_pics/michael_pics/1414787838907.png 298 148 43 43 562 326 50 50 70 191 123 123
new_pics/michael_pics/1414787839131.png 287 149 41 41 544 329 52 52 231 230 47 47 33 196 144 144
new_pics/michael_pics/1414787839347.png 528 327 55 55 222 236 53 53
new_pics/michael_pics/1414787839555.png 508 332 59 59 271 242 43 43
new_pics/michael_pics/1414787839747.png 503 331 58 58
new_pics/michael_pics/1414787839947.png 170 233 41 41 487 330 59 59 200 233 48 48
new_pics/michael_pics/1414787840131.png 482 330 55 55 176 219 52 52 197 236 52 52 26 190 126 126
new_pics/michael_pics/1414787840315.png 461 324 58 58
new_pics/michael_pics/1414787840507.png 439 321 60 60 177 228 46 46 166 222 73 73
new_pics/michael_pics/1414787840675.png 429 323 59 59 169 229 46 46
new_pics/michael_pics/1414787840859.png 164 233 47 47 421 323 60 60 140 225 44 44 427 349 47 47
new_pics/michael_pics/1414787841043.png 400 324 61 61 82 149 46 46 127 229 47 47 155 236 47 47
new_pics/michael_pics/1414787841235.png 126 237 46 46 370 325 56 56
new_pics/michael_pics/1414787841451.png 107 233 43 43 341 325 56 56 35 154 43 43
new_pics/michael_pics/1414787841635.png 271 317 56 56
new_pics/michael_pics/1414787841795.png 233 317 55 55 23 235 46 46 71 232 41 41
new_pics/michael_pics/1414787854067.png
new_pics/michael_pics/1414787854427.png
new_pics/michael_pics/1414787854611.png
new_pics/michael_pics/1414787854795.png 568 161 47 47
new_pics/michael_pics/1414787855107.png
new_pics/michael_pics/1414787856771.png
new_pics/michael_pics/1414787857035.png
new_pics/michael_pics/1414787857283.png
new_pics/michael_pics/1414787861323.png 413 303 49 49
new_pics/michael_pics/1414787861491.png 476 302 49 49
new_pics/michael_pics/1414787879259.png 173 242 42 42
new_pics/michael_pics/1414787879595.png 186 247 43 43
new_pics/michael_pics/1414787879915.png 206 249 44 44
new_pics/michael_pics/1414787880171.png 217 250 44 44
new_pics/michael_pics/1414787880459.png 227 248 47 47
new_pics/michael_pics/1414787880723.png 234 246 46 46
new_pics/michael_pics/1414787881011.png 226 243 47 47
new_pics/michael_pics/1414787881291.png 210 245 48 48
new_pics/michael_pics/1414787881547.png 192 247 48 48
new_pics/michael_pics/1414787881747.png 159 248 50 50
new_pics/michael_pics/1414787881939.png 141 248 52 52
new_pics/michael_pics/1414787886539.png 267 246 48 48
new_pics/michael_pics/1414787886715.png 231 245 49 49
new_pics/michael_pics/1414787886891.png 162 247 50 50
new_pics/michael_pics/1414787887051.png 130 251 50 50
new_pics/michael_pics/1414787887235.png 102 252 50 50
new_pics/michael_pics/1414788144195.png 357 301 46 46 296 283 40 40
new_pics/michael_pics/1414788144435.png 264 274 40 40 324 290 47 47 93 161 45 45
new_pics/michael_pics/1414788144667.png 314 283 45 45 312 277 71 71
new_pics/michael_pics/1414788144867.png 285 282 47 47 224 262 41 41
new_pics/michael_pics/1414788145091.png 271 282 46 46 214 259 41 41
new_pics/michael_pics/1414788145291.png 234 280 47 47
new_pics/michael_pics/1414788145483.png 138 276 40 40 192 293 47 47
new_pics/michael_pics/1414788145675.png 125 283 41 41 178 302 47 47
new_pics/michael_pics/1414788146043.png 175 290 46 46
new_pics/michael_pics/1414788146267.png 198 264 46 46 142 241 42 42
new_pics/michael_pics/1414788146451.png 169 243 42 42 226 264 46 46
new_pics/michael_pics/1414788146651.png 241 274 46 46 182 255 44 44
new_pics/michael_pics/1414788146843.png 216 285 42 42 271 302 47 47
new_pics/michael_pics/1414788147084.png 303 332 47 47 541 163 86 86
new_pics/michael_pics/1414788147923.png 563 426 46 46 513 268 44 44 595 431 42 42 562 382 59 59 558 402 72 72
new_pics/michael_pics/1414788148091.png 529 243 43 43
new_pics/michael_pics/1414788148283.png 531 231 44 44
new_pics/michael_pics/1414788148491.png 523 219 43 43
new_pics/michael_pics/1414788148723.png 501 238 44 44
new_pics/michael_pics/1414788148939.png 478 280 43 43 311 163 91 91
new_pics/michael_pics/1414788149147.png 468 293 43 43
new_pics/michael_pics/1414788149459.png 443 279 45 45
new_pics/michael_pics/1414788149691.png 432 249 44 44
new_pics/michael_pics/1414788149899.png 421 239 45 45
new_pics/michael_pics/1414788150795.png 224 329 67 67 190 281 47 47 159 272 89 89
new_pics/michael_pics/1414788150939.png 244 342 73 73 216 294 47 47
new_pics/michael_pics/1414788151163.png 278 317 48 48 248 172 46 46 303 367 77 77
new_pics/michael_pics/1414788151355.png 314 327 48 48 338 378 73 73 166 175 63 63
new_pics/michael_pics/1414788151555.png 404 387 72 72 381 330 49 49 218 163 95 95
new_pics/michael_pics/1414788151731.png 405 325 50 50 425 385 76 76
new_pics/michael_pics/1414788151948.png 444 321 50 50 460 386 78 78 70 274 41 41
new_pics/michael_pics/1414788152139.png 477 396 74 74 464 324 52 52 5 178 44 44
new_pics/michael_pics/1414788152331.png 468 324 53 53 481 400 74 74 257 269 40 40
new_pics/michael_pics/1414788152547.png 461 323 53 53 250 267 43 43 8 164 51 51 475 402 72 72
new_pics/michael_pics/1414788152747.png 438 330 57 57
new_pics/michael_pics/1414788152939.png 405 337 59 59 427 166 43 43
new_pics/michael_pics/1414788153155.png 390 341 59 59
new_pics/michael_pics/1414788153379.png 161 276 40 40 362 344 56 56
new_pics/michael_pics/1414788153531.png 161 276 40 40 362 344 56 56
new_pics/michael_pics/1414788153755.png 120 261 44 44 459 266 40 40 382 156 45 45 308 334 70 70
new_pics/michael_pics/1414788153947.png 443 271 42 42 278 343 74 74 98 265 42 42
new_pics/michael_pics/1414788154163.png 82 275 43 43 433 278 40 40 247 356 79 79
new_pics/michael_pics/1414788154371.png 239 362 75 75 73 279 43 43 426 280 41 41
new_pics/michael_pics/1414788154539.png 60 278 43 43 426 277 42 42 206 369 82 82 364 163 50 50
new_pics/michael_pics/1414788154804.png 423 279 43 43 53 278 43 43 176 377 89 89
new_pics/michael_pics/1414788154995.png 52 274 44 44 431 281 42 42 158 385 87 87
new_pics/michael_pics/1414788155211.png 54 271 43 43 442 282 43 43 153 388 88 88
new_pics/michael_pics/1414788155811.png 469 284 44 44 54 294 43 43
new_pics/michael_pics/1414788156011.png 28 304 42 42 451 297 46 46 428 168 46 46
new_pics/michael_pics/1414788157755.png 295 310 56 56 430 428 43 43
new_pics/michael_pics/1414788157939.png 329 322 58 58
new_pics/michael_pics/1414788158155.png 388 347 62 62
new_pics/michael_pics/1414788158323.png 423 359 64 64
new_pics/michael_pics/1414788160027.png 539 270 40 40 36 289 46 46
new_pics/michael_pics/1414788160195.png 39 317 44 44
new_pics/michael_pics/1414788160395.png 26 328 47 47 540 269 43 43
new_pics/michael_pics/1414788160571.png 1 339 43 43 521 267 41 41
new_pics/michael_pics/1414788163619.png 399 299 42 42
new_pics/michael_pics/1414788163827.png 371 276 44 44
new_pics/michael_pics/1414788163971.png 351 267 43 43
new_pics/michael_pics/1414788164627.png
new_pics/michael_pics/1414788166076.png 163 290 46 46
new_pics/michael_pics/1414788166267.png 374 285 43 43 157 312 43 43
new_pics/michael_pics/1414788166451.png 367 291 41 41 139 311 45 45
new_pics/michael_pics/1414788166643.png 364 283 43 43 134 299 47 47
new_pics/michael_pics/1414788166811.png 369 261 40 40 127 273 45 45
new_pics/michael_pics/1414788167011.png 127 268 46 46 374 259 42 42
new_pics/michael_pics/1414788167195.png 391 276 43 43 132 285 47 47
new_pics/michael_pics/1414788167355.png 133 297 47 47 399 283 41 41
new_pics/michael_pics/1414788168051.png 150 278 46 46
new_pics/michael_pics/1414788168243.png 173 307 46 46 564 167 54 54
new_pics/michael_pics/1414788168459.png 183 313 47 47
new_pics/michael_pics/1414788168683.png 209 311 47 47
new_pics/michael_pics/1414788168899.png 242 305 49 49
new_pics/michael_pics/1414788169116.png 279 305 48 48
new_pics/michael_pics/1414788169331.png 317 302 49 49
new_pics/michael_pics/1414788169515.png 333 300 48 48
new_pics/michael_pics/1414788170331.png 56 323 56 56 491 307 47 47
new_pics/michael_pics/1414788170532.png 40 331 54 54 479 307 49 49 284 165 53 53 39 318 89 89
new_pics/michael_pics/1414788170740.png 446 314 50 50 3 344 47 47
new_pics/michael_pics/1414788170931.png 408 314 52 52
new_pics/michael_pics/1414788171116.png 392 311 51 51
new_pics/michael_pics/1414788171315.png 357 307 54 54
new_pics/michael_pics/1414788171493.png 341 305 54 54 198 151 50 50
new_pics/michael_pics/1414788172779.png 239 323 59 59 182 151 55 55
new_pics/michael_pics/1414788172931.png 244 324 59 59
new_pics/michael_pics/1414788175523.png 519 287 43 43 112 168 49 49
new_pics/michael_pics/1414788175715.png 529 293 41 41 114 163 55 55
new_pics/michael_pics/1414788175899.png 534 284 43 43
new_pics/michael_pics/1414788176067.png 532 278 41 41 124 161 47 47
new_pics/michael_pics/1414788176379.png 494 291 43 43 96 170 48 48
new_pics/michael_pics/1414788176603.png 449 301 44 44 529 247 41 41
new_pics/michael_pics/1414788176843.png 476 239 44 44 387 293 44 44
new_pics/michael_pics/1414788177067.png 408 231 42 42 305 287 46 46
new_pics/michael_pics/1414788177291.png 261 288 45 45
new_pics/michael_pics/1414788177507.png 290 233 41 41 167 289 44 44
new_pics/michael_pics/1414788177667.png 86 282 45 45
new_pics/michael_pics/1414788181819.png 548 241 46 46 298 324 53 53 14 251 50 50
new_pics/michael_pics/1414788394243.png 232 335 41 41 231 310 47 47
new_pics/michael_pics/1414788394411.png 207 322 49 49 206 348 49 49 314 157 61 61
new_pics/michael_pics/1414788394611.png 159 336 51 51
new_pics/michael_pics/1414788394795.png 134 343 50 50 493 270 134 134 267 257 157 157
new_pics/michael_pics/1414788394980.png 87 357 50 50
new_pics/michael_pics/1414788395163.png 68 360 52 52 460 207 98 98 113 179 89 89 454 297 92 92
new_pics/michael_pics/1414788408531.png 331 220 102 102
new_pics/michael_pics/1414788408708.png 232 237 41 41 328 215 92 92
new_pics/michael_pics/1414788408971.png 225 221 42 42 343 206 91 91
new_pics/michael_pics/1414788409195.png 238 242 42 42 361 219 96 96
new_pics/michael_pics/1414788409420.png 264 279 42 42 398 248 91 91
new_pics/michael_pics/1414788409627.png 319 291 41 41 377 250 51 51 440 148 95 95 446 251 101 101
new_pics/michael_pics/1414788409859.png 397 293 42 42
new_pics/michael_pics/1414788410075.png 437 295 42 42 34 155 91 91
new_pics/michael_pics/1414788427836.png
new_pics/michael_pics/1414788428075.png
new_pics/michael_pics/1414788428371.png
new_pics/michael_pics/1414788428619.png
new_pics/michael_pics/1414788428875.png
new_pics/michael_pics/1414788429235.png
new_pics/michael_pics/1414788429619.png
new_pics/michael_pics/1414788430075.png 222 278 43 43
new_pics/michael_pics/1414788430332.png 263 291 41 41
new_pics/michael_pics/1414788430539.png 309 300 43 43
new_pics/michael_pics/1414788430731.png 335 297 42 42 345 184 46 46
new_pics/michael_pics/1414788430923.png 356 264 42 42
new_pics/michael_pics/1414788431139.png 358 263 44 44
new_pics/michael_pics/1414788431367.png 334 292 43 43
new_pics/michael_pics/1414788431587.png 310 307 44 44
new_pics/michael_pics/1414788431803.png 251 325 43 43
new_pics/michael_pics/1414788432051.png 185 334 44 44
new_pics/michael_pics/1414788432259.png 141 342 45 45
new_pics/michael_pics/1414788432475.png 105 324 45 45
new_pics/michael_pics/1414788432684.png 92 315 46 46 502 162 101 101
new_pics/michael_pics/1414788432899.png 61 318 48 48
new_pics/michael_pics/1414788433067.png 34 335 47 47
new_pics/michael_pics/1414788453219.png 38 258 45 45 31 254 73 73
new_pics/michael_pics/1414788453451.png 16 266 52 52
new_pics/michael_pics/1414788456604.png 523 311 60 60 360 161 45 45
new_pics/michael_pics/1414788456779.png 548 326 59 59 386 166 50 50
new_pics/michael_pics/1414788483795.png 544 219 49 49 296 203 104 104
new_pics/michael_pics/1414788484027.png 535 245 55 55 314 239 83 83 283 219 107 107
new_pics/michael_pics/1414788484235.png 228 175 48 48
new_pics/michael_pics/1414788484443.png 548 250 41 41 551 275 44 44 484 246 52 52 181 172 57 57 161 158 86 86 539 153 94 94 344 237 90 90
new_pics/michael_pics/1414788484675.png 494 270 43 43 473 147 95 95
new_pics/michael_pics/1414788484899.png 564 245 50 50 525 243 47 47
new_pics/michael_pics/1414788485067.png 523 243 44 44 351 145 99 99
new_pics/michael_pics/1414788486435.png 537 227 50 50
new_pics/michael_pics/1414788486643.png 510 237 55 55 192 170 66 66
new_pics/michael_pics/1414788486867.png 206 178 44 44 503 234 54 54
new_pics/michael_pics/1414788487091.png 223 158 43 43 518 227 50 50 500 211 76 76
new_pics/michael_pics/1414788487315.png 525 223 49 49
new_pics/michael_pics/1414788487547.png 248 146 44 44 384 252 41 41 539 222 52 52
new_pics/michael_pics/1414788487779.png 260 162 43 43 398 267 41 41 553 227 54 54
new_pics/michael_pics/1414788488035.png 571 233 52 52
new_pics/michael_pics/1414788488283.png
new_pics/michael_pics/1414788488491.png 483 271 41 41 329 165 48 48
new_pics/michael_pics/1414788488699.png 516 280 43 43 361 170 50 50
new_pics/michael_pics/1414788612612.png 442 286 141 141
new_pics/michael_pics/1414788612804.png 454 233 43 43 483 238 42 42 434 277 180 180
new_pics/michael_pics/1414788612939.png 449 262 163 163 56 296 152 152 190 258 190 190
new_pics/michael_pics/1414788613155.png 293 231 42 42 439 268 182 182
new_pics/michael_pics/1414788613323.png 450 269 159 159
new_pics/michael_pics/1414788614172.png 542 360 45 45 502 285 55 55
new_pics/michael_pics/1414788614395.png 316 239 41 41 141 222 41 41 278 305 130 130
new_pics/michael_pics/1414788614635.png 289 238 46 46 8 241 41 41 290 322 119 119
new_pics/michael_pics/1414788615069.png 341 241 44 44 222 246 43 43 48 298 78 78 340 310 136 136 41 275 157 157
new_pics/michael_pics/1414788615275.png 40 242 44 44 36 300 92 92 330 318 138 138 22 277 184 184
new_pics/michael_pics/1414788615475.png 191 244 42 42 12 243 43 43 135 220 86 86 9 302 95 95 311 326 135 135
new_pics/michael_pics/1414788615643.png 171 244 41 41 113 220 84 84 178 316 139 139
new_pics/michael_pics/1414788616563.png 206 173 47 47 429 248 45 45 545 229 89 89 239 282 175 175
new_pics/michael_pics/1414788616780.png 429 249 42 42 404 275 160 160 207 277 147 147 235 283 173 173
new_pics/michael_pics/1414788616979.png 423 243 44 44 216 282 130 130 221 284 165 165 385 273 187 187
new_pics/michael_pics/1414788617179.png 433 239 44 44 249 191 86 86 406 268 174 174 225 275 183 183 16 267 190 190
new_pics/michael_pics/1414788617355.png 430 240 44 44 566 223 54 54 16 271 181 181 398 267 178 178 207 265 206 206
new_pics/michael_pics/1414788617531.png 422 240 42 42 190 271 171 171 9 265 189 189 366 254 209 209
new_pics/michael_pics/1414788618267.png 49 240 42 42
new_pics/michael_pics/1414788618491.png 66 239 43 43
new_pics/michael_pics/1414788618675.png 64 245 43 43
new_pics/michael_pics/1414788618859.png 264 320 40 40 56 252 43 43
new_pics/michael_pics/1414788619043.png 260 328 41 41 202 212 44 44 44 253 43 43
new_pics/michael_pics/1414788619212.png 40 249 44 44 488 387 47 47 259 334 124 124
new_pics/michael_pics/1414788619995.png 74 244 45 45 371 256 48 48 519 219 107 107
new_pics/michael_pics/1414788620203.png 8 214 42 42 301 223 51 51 575 237 44 44 313 250 177 177 398 285 164 164
new_pics/michael_pics/1414788620403.png 537 225 45 45 259 211 47 47 443 187 69 69 242 183 89 89 268 237 184 184
new_pics/michael_pics/1414788620596.png 537 225 45 45 259 211 47 47 443 187 69 69 242 183 89 89 268 237 184 184
new_pics/michael_pics/1414788620795.png 280 262 49 49 560 321 41 41 568 279 45 45 478 238 45 45 470 183 59 59
new_pics/michael_pics/1414788620979.png 3 248 43 43 304 273 49 49 584 328 43 43 590 285 46 46 82 315 91 91 262 156 126 126 302 298 134 134 349 293 144 144
new_pics/michael_pics/1414788621147.png 16 238 45 45 324 255 51 51 494 227 90 90 309 284 148 148 350 274 176 176
new_pics/michael_pics/1414788622299.png 54 254 47 47 282 252 48 48 471 376 46 46 375 374 46 46 313 281 113 113
new_pics/michael_pics/1414788622483.png 48 266 48 48 281 261 48 48 501 147 46 46 402 392 44 44 503 397 47 47
new_pics/michael_pics/1414788622683.png 540 411 47 47 54 273 48 48 290 268 48 48 430 260 41 41 336 163 58 58 128 325 136 136 298 306 143 143
new_pics/michael_pics/1414788622892.png 542 416 47 47 40 271 48 48 278 268 47 47 416 260 43 43 294 315 120 120
new_pics/michael_pics/1414788623073.png 558 420 48 48 23 258 48 48 265 259 47 47
new_pics/michael_pics/1414788623219.png 8 256 49 49 386 252 44 44 252 258 47 47 561 429 45 45 71 220 47 47
new_pics/michael_pics/1414788624171.png 152 252 62 62 589 270 47 47 433 209 123 123 37 286 127 127 273 255 198 198
new_pics/michael_pics/1414788624547.png 135 251 65 65 595 282 44 44 280 275 194 194
new_pics/michael_pics/1414788876596.png 359 270 51 51 394 253 43 43
new_pics/michael_pics/1414788876836.png 268 273 53 53 300 253 42 42 475 145 73 73
new_pics/michael_pics/1414788878084.png 377 229 43 43 384 254 64 64
new_pics/michael_pics/1414788878316.png 432 228 45 45 456 257 64 64
new_pics/michael_pics/1414788884684.png 505 266 44 44
new_pics/michael_pics/1414788909660.png 341 194 48 48 531 238 41 41 533 213 42 42 530 197 44 44
new_pics/tommy_pics/1414787615126.png 367 270 40 40
new_pics/tommy_pics/1414787618140.png
new_pics/tommy_pics/1414787619562.png 450 246 45 45
new_pics/tommy_pics/1414787626091.png 483 252 45 45 387 154 42 42
new_pics/tommy_pics/1414787887403.png 50 251 51 51
new_pics/tommy_pics/1414787887603.png 8 252 51 51 243 226 42 42
new_pics/tommy_pics/1414787889779.png 229 231 45 45
new_pics/tommy_pics/1414787890067.png 209 234 43 43
new_pics/tommy_pics/1414787890523.png 150 228 42 42
new_pics/tommy_pics/1414787891651.png 207 256 43 43
new_pics/tommy_pics/1414787893115.png 129 280 67 67
new_pics/tommy_pics/1414787893347.png 198 268 70 70 225 170 43 43
new_pics/tommy_pics/1414787893547.png 261 266 74 74
new_pics/tommy_pics/1414787893739.png 290 268 74 74
new_pics/tommy_pics/1414787893931.png 347 271 66 66 93 164 52 52
new_pics/tommy_pics/1414787894827.png 285 230 45 45 537 226 41 41
new_pics/tommy_pics/1414787895011.png 305 233 46 46 555 233 41 41
new_pics/tommy_pics/1414787895195.png 317 234 45 45 568 230 40 40
new_pics/tommy_pics/1414787895403.png 332 233 45 45 580 236 42 42
new_pics/tommy_pics/1414787895619.png 342 236 44 44 590 238 41 41
new_pics/tommy_pics/1414787895811.png 341 237 44 44 585 237 44 44
new_pics/tommy_pics/1414787896019.png 325 235 45 45 574 237 42 42
new_pics/tommy_pics/1414787896243.png 292 228 46 46 545 225 43 43
new_pics/tommy_pics/1414787896403.png 271 225 46 46
new_pics/tommy_pics/1414787897219.png 355 244 48 48 147 151 101 101
new_pics/tommy_pics/1414787897411.png 319 251 46 46 318 228 53 53 120 149 100 100
new_pics/tommy_pics/1414787897598.png 301 248 46 46 296 227 53 53
new_pics/tommy_pics/1414787897779.png 299 244 47 47 54 160 48 48
new_pics/tommy_pics/1414787897971.png 306 230 48 48
new_pics/tommy_pics/1414787898163.png 315 226 49 49 66 146 50 50
new_pics/tommy_pics/1414787898435.png 336 230 48 48 82 151 50 50
new_pics/tommy_pics/1414787898651.png 359 245 47 47 43 226 43 43
new_pics/tommy_pics/1414787898835.png 371 249 46 46
new_pics/tommy_pics/1414787915547.png 527 272 78 78
new_pics/tommy_pics/1414787915667.png 551 280 79 79
new_pics/tommy_pics/1414787915827.png 584 276 54 54
new_pics/tommy_pics/1414787916003.png
new_pics/tommy_pics/1414787916131.png
new_pics/tommy_pics/1414787917227.png 168 231 45 45 133 284 83 83
new_pics/tommy_pics/1414787917395.png 158 233 45 45 119 283 84 84 379 259 40 40
new_pics/tommy_pics/1414787917547.png 147 232 45 45 104 286 83 83 157 168 41 41
new_pics/tommy_pics/1414787917699.png 85 285 82 82 136 232 43 43 141 165 47 47
new_pics/tommy_pics/1414787919219.png 365 291 46 46 346 289 71 71
new_pics/tommy_pics/1414787919395.png 339 294 48 48 40 166 50 50
new_pics/tommy_pics/1414787919947.png 281 295 48 48 17 260 47 47
new_pics/tommy_pics/1414787920147.png 236 293 53 53
new_pics/tommy_pics/1414787920315.png 214 291 51 51
new_pics/tommy_pics/1414787920491.png 154 298 54 54
new_pics/tommy_pics/1414787922443.png 240 270 44 44
new_pics/tommy_pics/1414787922651.png 305 272 41 41
new_pics/tommy_pics/1414787922835.png 369 267 46 46
new_pics/tommy_pics/1414787923011.png 405 271 44 44
new_pics/tommy_pics/1414787925781.png 151 227 43 43 185 264 42 42 100 375 95 95
new_pics/tommy_pics/1414787925939.png 93 235 41 41 116 272 45 45 444 147 46 46 477 162 53 53 16 384 88 88
new_pics/tommy_pics/1414787926099.png 57 242 41 41 79 278 41 41
new_pics/tommy_pics/1414787927483.png 126 285 44 44
new_pics/tommy_pics/1414787927699.png 123 284 42 42
new_pics/tommy_pics/1414787927923.png 109 281 42 42
new_pics/tommy_pics/1414787928155.png 81 274 44 44
new_pics/tommy_pics/1414787928411.png 44 283 46 46
new_pics/tommy_pics/1414787928643.png 17 295 45 45 315 288 44 44
new_pics/tommy_pics/1414787929067.png 335 271 42 42 16 291 45 45 14 223 51 51
new_pics/tommy_pics/1414787929387.png 409 257 42 42 62 218 42 42 71 294 48 48
new_pics/tommy_pics/1414787929595.png 484 259 41 41 128 299 62 62
new_pics/tommy_pics/1414787929819.png 540 266 42 42 186 301 55 55
new_pics/tommy_pics/1414787930027.png 201 306 59 59 553 272 45 45
new_pics/tommy_pics/1414787930259.png 574 298 45 45 216 327 63 63
new_pics/tommy_pics/1414787930476.png 573 318 44 44 205 351 71 71
new_pics/tommy_pics/1414787930659.png 552 316 49 49 166 360 86 86
new_pics/tommy_pics/1414787930843.png 540 310 48 48 148 364 86 86
new_pics/tommy_pics/1414787931795.png 9 149 41 41 266 152 46 46
new_pics/tommy_pics/1414787932011.png 439 282 42 42 312 147 45 45 82 174 44 44 96 170 57 57
new_pics/tommy_pics/1414787932203.png 375 149 43 43 498 288 48 48
new_pics/tommy_pics/1414787932371.png 188 174 47 47 398 151 61 61
new_pics/tommy_pics/1414787936411.png 262 283 49 49
new_pics/tommy_pics/1414788193451.png 115 345 61 61 454 260 48 48 73 272 89 89
new_pics/tommy_pics/1414788193651.png 459 264 47 47 108 351 67 67 74 279 88 88
new_pics/tommy_pics/1414788193844.png 115 358 67 67 482 266 48 48 84 281 91 91
new_pics/tommy_pics/1414788194403.png 589 268 47 47 167 370 70 70 507 167 65 65 159 278 99 99
new_pics/tommy_pics/1414788195779.png 153 283 53 53
new_pics/tommy_pics/1414788196459.png 232 259 55 55
new_pics/tommy_pics/1414788196676.png 236 262 57 57
new_pics/tommy_pics/1414788196891.png 227 269 59 59
new_pics/tommy_pics/1414788197107.png 216 283 60 60
new_pics/tommy_pics/1414788197347.png 205 296 61 61
new_pics/tommy_pics/1414788197539.png 202 301 61 61
new_pics/tommy_pics/1414788197739.png 191 292 68 68 459 174 86 86
new_pics/tommy_pics/1414788198132.png 188 277 67 67 182 308 50 50
new_pics/tommy_pics/1414788198363.png 204 293 68 68 334 150 86 86
new_pics/tommy_pics/1414788198547.png 250 309 72 72
new_pics/tommy_pics/1414788198747.png 285 314 73 73 285 351 52 52
new_pics/tommy_pics/1414788207499.png 392 228 59 59 158 221 54 54 290 235 107 107
new_pics/tommy_pics/1414788207763.png 409 236 64 64 47 185 44 44 310 243 112 112
new_pics/tommy_pics/1414788207971.png 404 238 66 66 68 174 42 42 170 248 51 51
new_pics/tommy_pics/1414788208171.png 147 245 50 50 385 240 50 50 370 233 90 90 268 240 126 126
new_pics/tommy_pics/1414788208372.png 20 147 41 41 348 229 65 65 102 219 66 66
new_pics/tommy_pics/1414788208587.png 327 225 61 61 584 231 45 45 553 231 57 57 326 162 63 63
new_pics/tommy_pics/1414788208803.png 278 220 56 56 286 166 48 48 573 256 49 49
new_pics/tommy_pics/1414788209011.png 229 226 59 59 523 255 51 51 492 233 48 48
new_pics/tommy_pics/1414788209235.png 184 233 57 57 445 233 45 45 473 254 53 53
new_pics/tommy_pics/1414788209467.png 145 237 60 60 433 251 53 53
new_pics/tommy_pics/1414788209667.png 128 237 58 58 417 254 49 49 391 232 44 44 388 225 89 89
new_pics/tommy_pics/1414788209883.png 94 223 58 58 382 249 47 47 365 225 78 78
new_pics/tommy_pics/1414788210083.png 69 211 58 58 350 236 58 58 70 155 56 56
new_pics/tommy_pics/1414788211731.png 432 260 48 48 148 244 59 59 411 240 73 73
new_pics/tommy_pics/1414788211987.png 406 263 48 48 122 241 64 64 398 239 59 59 17 242 114 114
new_pics/tommy_pics/1414788219739.png 126 243 54 54 196 241 43 43 201 223 80 80 202 216 124 124
new_pics/tommy_pics/1414788219939.png 116 269 51 51 388 160 45 45 182 266 46 46 115 257 81 81 204 159 94 94 176 247 128 128
new_pics/tommy_pics/1414788220155.png 172 275 46 46 105 277 50 50 377 174 41 41
new_pics/tommy_pics/1414788220355.png 95 263 53 53 164 262 45 45 167 248 72 72 178 159 101 101
new_pics/tommy_pics/1414788220563.png 159 254 49 49 92 259 53 53 356 157 42 42 171 155 99 99
new_pics/tommy_pics/1414788220755.png 89 261 55 55 94 239 43 43 159 253 46 46 167 149 94 94
new_pics/tommy_pics/1414788220979.png 172 247 49 49 103 256 58 58 171 238 76 76 171 147 98 98
new_pics/tommy_pics/1414788221211.png 146 261 55 55 205 247 62 62 142 252 91 91
new_pics/tommy_pics/1414788221411.png 231 253 68 68 177 267 62 62 238 157 90 90 249 248 87 87
new_pics/tommy_pics/1414788221619.png 320 274 60 60 289 257 49 49 261 286 58 58 305 170 88 88 325 267 78 78 260 280 89 89
new_pics/tommy_pics/1414788221771.png 380 276 54 54 310 282 73 73 10 197 47 47 310 312 60 60 344 166 88 88 210 166 80 80
new_pics/tommy_pics/1414788222899.png 122 277 41 41 194 296 51 51 502 235 55 55 219 229 86 86 235 153 98 98
new_pics/tommy_pics/1414788223083.png 242 213 43 43 179 275 46 46 497 223 48 48 40 206 48 48 170 194 158 158
new_pics/tommy_pics/1414788223283.png 490 220 46 46 165 267 56 56 205 203 89 89
new_pics/tommy_pics/1414788225619.png 235 206 81 81 346 235 99 99
new_pics/tommy_pics/1414788225811.png 337 239 43 43 307 265 80 80 190 223 86 86 303 227 143 143
new_pics/tommy_pics/1414788225955.png 282 269 81 81 164 233 94 94 190 157 97 97
new_pics/tommy_pics/1414788624731.png 107 248 66 66 578 283 54 54 433 222 84 84
new_pics/tommy_pics/1414788626419.png 157 274 54 54
new_pics/tommy_pics/1414788626651.png 158 273 57 57
new_pics/tommy_pics/1414788626867.png 168 274 57 57
new_pics/tommy_pics/1414788627227.png 173 271 61 61
new_pics/tommy_pics/1414788627451.png 182 276 61 61
new_pics/tommy_pics/1414788628204.png 197 238 43 43 237 293 122 122 298 399 47 47 134 284 101 101
new_pics/tommy_pics/1414788628403.png 100 240 44 44 114 297 119 119 174 400 49 49 319 289 138 138
new_pics/tommy_pics/1414788628587.png 46 310 111 111 44 247 46 46 142 209 44 44 107 418 46 46 89 406 45 45 169 204 45 45 594 293 45 45 28 392 65 65 238 212 73 73 76 191 90 90
new_pics/tommy_pics/1414788628956.png 463 288 91 91 197 256 47 47
new_pics/tommy_pics/1414788629155.png 277 275 79 79 409 371 104 104
new_pics/tommy_pics/1414788631676.png 246 274 95 95 21 290 141 141 310 295 148 148 203 256 209 209
new_pics/tommy_pics/1414788631843.png 306 309 101 101 45 218 83 83
new_pics/tommy_pics/1414788632740.png 310 300 113 113 511 334 76 76
new_pics/tommy_pics/1414788637099.png 456 219 49 49 340 217 52 52
new_pics/tommy_pics/1414788637291.png 542 236 45 45
new_pics/tommy_pics/1414788665844.png 423 241 42 42 257 228 41 41 190 286 108 108 26 300 163 163
new_pics/tommy_pics/1414788666579.png 286 231 41 41 446 242 42 42 60 297 160 160
new_pics/tommy_pics/1414788667883.png 42 274 181 181
new_pics/tommy_pics/1414788670243.png 31 333 118 118
new_pics/tommy_pics/1414788670507.png 121 189 44 44
new_pics/tommy_pics/1414788670731.png 131 190 43 43
new_pics/tommy_pics/1414788671052.png
new_pics/tommy_pics/1414788671459.png
new_pics/tommy_pics/1414788678931.png 354 244 45 45 517 253 43 43 78 305 123 123
new_pics/tommy_pics/1414788757900.png 443 217 80 80
new_pics/tommy_pics/1414788758108.png
new_pics/tommy_pics/1414788758324.png
new_pics/tommy_pics/1414788758508.png
new_pics/tommy_pics/1414788758908.png
new_pics/tommy_pics/1414788759124.png
new_pics/tommy_pics/1414788815548.png 291 297 62 62
new_pics/tommy_pics/1414788815708.png 291 297 62 62
new_pics/tommy_pics/1414788815868.png 455 313 80 80
new_pics/tommy_pics/1414788819140.png 299 275 47 47 10 160 45 45 0 152 57 57
new_pics/tommy_pics/1414788819366.png 344 298 58 58
new_pics/tommy_pics/1414788819580.png 344 298 58 58
new_pics/tommy_pics/1414788821412.png 272 278 47 47 436 167 48 48 430 153 61 61 76 221 240 240
new_pics/tommy_pics/1414788828612.png 87 215 95 95
new_pics/tommy_pics/1414788828924.png
new_pics/tommy_pics/1414788829176.png
new_pics/tommy_pics/1414788830148.png 326 276 45 45
new_pics/tommy_pics/1414788830372.png 291 282 51 51 234 198 41 41
new_pics/tommy_pics/1414788831020.png 283 295 54 54 237 147 50 50
new_pics/tommy_pics/1414788831500.png 260 258 41 41 278 297 54 54
new_pics/tommy_pics/1414788832656.png 265 290 53 53 65 213 100 100
new_pics/tommy_pics/1414788832860.png 265 290 53 53 65 213 100 100
new_pics/tommy_pics/1414788833036.png 265 301 59 59 281 215 100 100
new_pics/tommy_pics/1414788835276.png 221 240 42 42
new_pics/tommy_pics/1414788835500.png 185 241 45 45 382 222 93 93 344 217 180 180
new_pics/tommy_pics/1414788835708.png 169 246 45 45
new_pics/tommy_pics/1414788835924.png 169 246 45 45
new_pics/tommy_pics/1414788836332.png 186 250 45 45 399 219 128 128
new_pics/tommy_pics/1414788836540.png 186 250 45 45 399 219 128 128
new_pics/tommy_pics/1414788837884.png 102 253 45 45 411 228 61 61
new_pics/tommy_pics/1414788838124.png 102 253 45 45 411 228 61 61
new_pics/tommy_pics/1414788838356.png 126 245 46 46 395 184 44 44
new_pics/tommy_pics/1414788838588.png 121 244 49 49
new_pics/tommy_pics/1414788839836.png 16 244 44 44 321 196 42 42 477 257 62 62
new_pics/tommy_pics/1414788841692.png 257 257 81 81
new_pics/tommy_pics/1414788841836.png 397 280 96 96
new_pics/tommy_pics/1414788854868.png 441 269 55 55
new_pics/tommy_pics/1414788855804.png 261 257 57 57 491 241 49 49
new_pics/tommy_pics/1414788856020.png 461 245 51 51 236 261 54 54
new_pics/tommy_pics/1414788856228.png 436 248 47 47 212 264 53 53
new_pics/tommy_pics/1414788856668.png 171 261 53 53 392 243 49 49 577 234 41 41
new_pics/tommy_pics/1414788856884.png 171 261 53 53 392 243 49 49 577 234 41 41
new_pics/tommy_pics/1414788857692.png 499 235 40 40 311 243 48 48 104 260 51 51
new_pics/tommy_pics/1414788857876.png 94 256 51 51 486 234 42 42 301 240 47 47
new_pics/tommy_pics/1414788910300.png 557 191 49 49 566 265 46 46 538 248 86 86
new_pics/tommy_pics/1414788912644.png 319 217 63 63 339 326 42 42 578 191 42 42 457 279 45 45 455 249 45 45
