/Users/cyrusanderson/Team_Avatar/labeled_.vec
pics/1404934388167.png 548 18 75 75 41 214 120 120
pics/1404934414191.png 148 24 48 48 341 34 46 46 159 223 40 40 349 213 54 54 400 232 44 44 488 6 55 55 282 5 76 76
pics/1404934514327.png 295 250 47 47
pics/1404934518527.png 351 273 80 80 363 6 47 47 66 4 105 105
pics/1404934536463.png 128 232 45 45 188 57 45 45 201 13 51 51 183 74 50 50
pics/1404934625679.png 86 140 44 44 379 235 107 107
pics/1404934628815.png 255 2 46 46 211 12 46 46 259 20 45 45 363 180 40 40 132 8 48 48 167 87 148 148
pics/1404934635991.png
pics/1404934639463.png 203 234 47 47 246 237 46 46 475 240 105 105
pics/1404934643015.png 438 67 40 40 537 11 46 46 255 5 47 47 8 220 72 72 260 5 63 63 253 4 83 83 451 106 143 143
pics/1404934655343.png 429 37 41 41
pics/1404934663863.png 147 95 54 54 271 7 91 91
pics/1404934691791.png 128 259 43 43 508 64 43 43
pics/1404934697527.png 149 228 41 41 351 134 101 101
pics/1404934703887.png 176 221 45 45 34 218 42 42 454 251 50 50 69 210 56 56
pics/1404934706671.png 90 255 63 63
pics/1404934716679.png 436 182 43 43
pics/1404934917167.png 594 92 45 45 445 49 53 53 46 20 119 119
pics/1404934921904.png 82 69 45 45
pics/1404934926920.png 591 92 43 43 436 42 56 56
pics/1404934935456.png 524 49 47 47
pics/1404934939176.png 506 49 47 47
pics/1404934954384.png 170 19 47 47 352 56 44 44 298 37 62 62 420 6 172 172
pics/1404934959264.png 290 55 42 42 473 59 45 45 416 38 68 68 521 7 91 91
pics/1404934962775.png 240 66 42 42 189 43 60 60 484 94 109 109
pics/1404934967496.png 560 95 43 43 38 2 147 147
pics/1404934972056.png 56 228 41 41 500 42 111 111
pics/1404934975472.png 132 237 44 44 85 216 47 47 23 7 90 90 9 218 90 90
pics/1404934981968.png 459 9 43 43 319 219 76 76 423 253 45 45 132 245 41 41 422 86 45 45 338 213 86 86
pics/1404934989928.png 441 260 40 40 571 35 62 62
pics/1404934992888.png 407 259 48 48 437 10 45 45 88 246 43 43 131 36 54 54 472 20 59 59 268 25 61 61 261 216 100 100
pics/1404934995599.png 163 260 50 50 136 40 44 44 222 9 46 46 455 274 40 40 106 45 50 50 259 22 52 52 26 213 58 58 3 219 88 88
pics/1404934998528.png 163 261 51 51 470 271 40 40 252 15 48 48 15 210 59 59 549 237 77 77
pics/1404935001048.png 75 250 60 60 414 270 42 42 9 23 47 47 36 20 46 46 532 241 63 63 492 48 108 108
pics/1404935003799.png 233 275 42 42
pics/1404935007279.png 282 284 48 48 572 355 42 42 409 259 41 41 389 86 44 44 519 226 100 100 316 234 102 102 536 151 94 94
pics/1404935010031.png 557 265 41 41 465 298 55 55 484 87 43 43 323 137 157 157
pics/1404935012599.png 413 262 42 42 301 79 40 40 352 301 66 66
pics/1404935015615.png 501 259 45 45 494 313 78 78 185 36 122 122
pics/1404935128216.png 457 7 45 45 404 28 49 49 135 279 45 45 507 5 54 54 488 68 56 56
pics/1404935135024.png
pics/1404935144783.png 80 336 59 59 453 24 50 50 531 301 44 44 505 2 47 47
pics/1404935150623.png 330 28 50 50 437 9 56 56 384 8 50 50 411 74 53 53 100 48 101 101
pics/1404935167776.png 181 5 53 53 304 3 43 43 283 285 41 41 314 74 47 47
pics/1404935171488.png 517 384 70 70 502 400 44 44
pics/1404935174751.png 439 1 41 41 317 6 51 51 125 247 45 45 432 247 42 42 448 68 50 50
pics/1404935177959.png 589 1 45 45 486 24 45 45 335 270 49 49 253 82 43 43 556 65 50 50 466 13 65 65
pics/1404935180480.png 198 260 44 44 50 5 49 49 487 78 60 60
pics/1404935184807.png 300 255 43 43 374 61 59 59
pics/1404935188624.png 346 266 47 47
pics/1404935191928.png 509 283 61 61 404 176 46 46 309 48 66 66 552 40 86 86
pics/1404935329152.png
pics/1404935365960.png
pics/1404935372168.png 63 293 46 46 336 30 64 64
pics/1404935900353.png 10 119 84 84
pics/1404935920184.png 586 251 50 50 24 207 86 86
pics/1404935942065.png
pics/1404935950641.png
pics/1404936152084.png 393 185 89 89
pics/1404936330740.png 582 55 41 41 65 197 173 173
pics/1404936344412.png
pics/1404936352356.png 551 168 43 43 521 259 87 87 357 210 92 92
pics/1404936355580.png 597 268 42 42 87 160 42 42 198 271 115 115
pics/1404936378148.png 21 244 64 64 276 226 45 45
pics/1404936381884.png 507 264 100 100
pics/1404936385316.png
pics/1404936388955.png 517 149 56 56 484 114 59 59
pics/1413757143224.png 502 253 45 45 352 216 53 53 201 148 91 91
pics/1413757422256.png 355 219 52 52
pics/1413757434368.png 29 224 43 43 401 232 56 56
pics/1413757448464.png 385 190 44 44 386 240 47 47 384 312 45 45 477 233 48 48 251 282 177 177
pics/1413757499128.png 494 229 49 49 264 359 105 105 460 175 111 111
pics/1413757503488.png 306 330 45 45 311 189 57 57 550 8 49 49 317 295 44 44 309 419 46 46 303 230 74 74 82 232 46 46 256 221 91 91 350 226 104 104 454 328 130 130
pics/1413757548136.png 92 236 42 42 358 244 43 43
pics/1413757558920.png 500 251 49 49 487 245 102 102
pics/1413757567976.png 533 9 43 43 122 271 75 75 353 222 43 43 368 188 45 45
pics/1413757570688.png 202 294 101 101 214 422 50 50 205 399 76 76
pics/1413757580009.png 175 288 47 47 287 245 59 59 148 289 104 104
pics/1413757582680.png 230 306 51 51 552 234 45 45 192 243 51 51 255 239 89 89
pics/1413757585488.png 289 323 60 60 261 238 94 94
pics/1413757586816.png 351 344 65 65 560 244 44 44
pics/1413757600672.png 537 4 47 47 440 296 48 48 420 213 78 78 152 247 104 104
pics/1413757602288.png 601 302 41 41 520 240 53 53
pics/1413757605689.png 131 310 48 48 63 234 49 49 201 232 51 51 315 260 90 90
pics/1413757608592.png 408 266 41 41 223 343 68 68
pics/1413757614184.png 468 289 44 44 560 242 66 66
pics/1413757624144.png 386 276 45 45 391 313 43 43
pics/1413757630016.png 441 10 40 40 198 271 43 43 583 77 41 41 206 298 42 42 345 232 41 41 316 230 43 43 508 248 47 47 480 228 89 89 63 265 124 124
pics/1413757636336.png 408 2 49 49 320 228 40 40 408 235 47 47 324 312 55 55 41 277 115 115
pics/1413757638616.png 423 4 47 47 331 229 44 44 460 341 63 63 528 242 44 44 421 236 48 48 437 243 45 45 298 228 50 50 314 116 97 97 56 273 113 113 387 188 167 167
pics/1413757643824.png 409 285 42 42 310 230 50 50 336 223 50 50 317 216 88 88
pics/1413757648752.png 121 269 48 48 134 234 43 43 186 211 42 42 127 207 44 44 432 241 126 126
pics/1404934388167.png 548 18 75 75 41 214 120 120
pics/1404934414191.png 341 34 46 46 148 24 48 48 159 223 40 40 400 232 44 44 349 213 54 54 488 6 55 55 282 5 76 76
pics/1404934420359.png 364 28 55 55 529 3 46 46 401 26 44 44 398 281 90 90 323 5 54 54
pics/1404934500207.png 519 233 41 41 418 26 102 102
pics/1404934505463.png 548 65 44 44 292 236 42 42
pics/1404934510799.png 363 1 47 47 149 239 54 54 544 250 45 45
pics/1404934514327.png 295 250 47 47
pics/1404934518527.png 351 273 80 80 363 6 47 47 66 4 105 105
pics/1404934536463.png 188 57 45 45 128 232 45 45 201 13 51 51 183 74 50 50
pics/1404934619951.png
pics/1404934625679.png 86 140 44 44 379 235 107 107
pics/1404934635991.png
pics/1404934639463.png 203 234 47 47 246 237 46 46 475 240 105 105
pics/1404934655343.png 429 37 41 41
pics/1404934663863.png 147 95 54 54 271 7 91 91
pics/1404934691791.png 128 259 43 43 508 64 43 43
pics/1404934697527.png 149 228 41 41 351 134 101 101
pics/1404934703887.png 176 221 45 45 34 218 42 42 454 251 50 50 69 210 56 56
pics/1404934706671.png 90 255 63 63
pics/1404934716679.png 436 182 43 43
pics/1404934917167.png 594 92 45 45 445 49 53 53 46 20 119 119
pics/1404934921904.png 82 69 45 45
pics/1404934926920.png 591 92 43 43 436 42 56 56
pics/1404934935456.png 524 49 47 47
pics/1404934939176.png 506 49 47 47
pics/1404934954384.png 170 19 47 47 352 56 44 44 298 37 62 62 420 6 172 172
pics/1404934959264.png 290 55 42 42 473 59 45 45 416 38 68 68 521 7 91 91
pics/1404934962775.png 240 66 42 42 189 43 60 60 484 94 109 109
pics/1404934967496.png 560 95 43 43 38 2 147 147
pics/1404934972056.png 56 228 41 41 500 42 111 111
pics/1404934975472.png 132 237 44 44 85 216 47 47 23 7 90 90 9 218 90 90
pics/1404934981968.png 132 245 41 41 459 9 43 43 423 253 45 45 319 219 76 76 422 86 45 45 338 213 86 86
pics/1404934989928.png 441 260 40 40 571 35 62 62
pics/1404934992888.png 407 259 48 48 437 10 45 45 88 246 43 43 131 36 54 54 472 20 59 59 268 25 61 61 261 216 100 100
pics/1404934995599.png 163 260 50 50 222 9 46 46 455 274 40 40 136 40 44 44 106 45 50 50 259 22 52 52 26 213 58 58 3 219 88 88
pics/1404934998528.png 163 261 51 51 470 271 40 40 252 15 48 48 15 210 59 59 549 237 77 77
pics/1404935001048.png 75 250 60 60 414 270 42 42 9 23 47 47 36 20 46 46 532 241 63 63 492 48 108 108
pics/1404935003799.png 233 275 42 42
pics/1404935007279.png 282 284 48 48 409 259 41 41 572 355 42 42 389 86 44 44 316 234 102 102 519 226 100 100 536 151 94 94
pics/1404935010031.png 557 265 41 41 465 298 55 55 484 87 43 43 323 137 157 157
pics/1404935012599.png 413 262 42 42 301 79 40 40 352 301 66 66
pics/1404935015615.png 501 259 45 45 494 313 78 78 185 36 122 122
pics/1404935128216.png 457 7 45 45 135 279 45 45 404 28 49 49 507 5 54 54 488 68 56 56
pics/1404935135024.png
pics/1404935144783.png 80 336 59 59 531 301 44 44 453 24 50 50 505 2 47 47
pics/1404935150623.png 437 9 56 56 330 28 50 50 384 8 50 50 411 74 53 53 100 48 101 101
pics/1404935167776.png 283 285 41 41 181 5 53 53 304 3 43 43 314 74 47 47
pics/1404935171488.png 517 384 70 70 502 400 44 44
pics/1404935174751.png 439 1 41 41 317 6 51 51 125 247 45 45 432 247 42 42 448 68 50 50
pics/1404935177959.png 589 1 45 45 335 270 49 49 486 24 45 45 253 82 43 43 556 65 50 50 466 13 65 65
pics/1404935180480.png 198 260 44 44 50 5 49 49 487 78 60 60
pics/1404935184807.png 300 255 43 43 374 61 59 59
pics/1404935188624.png 346 266 47 47
pics/1404935191928.png 509 283 61 61 404 176 46 46 309 48 66 66 552 40 86 86
pics/1404935318424.png 576 156 45 45 149 239 87 87 336 28 101 101
pics/1404935329152.png
pics/1404935365960.png
pics/1404935372168.png 63 293 46 46 336 30 64 64
pics/1404935893617.png
pics/1404935900353.png 10 119 84 84
pics/1404935920184.png 586 251 50 50 24 207 86 86
pics/1404935942065.png
pics/1404935950641.png
pics/1404936152084.png 393 185 89 89
pics/1404936330740.png 582 55 41 41 65 197 173 173
pics/1404936344412.png
pics/1404936352356.png 551 168 43 43 521 259 87 87 357 210 92 92
pics/1404936355580.png 597 268 42 42 87 160 42 42 198 271 115 115
pics/1404936378148.png 21 244 64 64 276 226 45 45
pics/1404936381884.png 507 264 100 100
pics/1404936385316.png
pics/1404936388955.png 517 149 56 56 484 114 59 59
pics/1413757143224.png 502 253 45 45 352 216 53 53 201 148 91 91
pics/1413757422256.png 355 219 52 52
pics/1413757434368.png 29 224 43 43 401 232 56 56
pics/1413757448464.png 385 190 44 44 386 240 47 47 384 312 45 45 477 233 48 48 251 282 177 177
pics/1413757499128.png 494 229 49 49 264 359 105 105 460 175 111 111
pics/1413757503488.png 306 330 45 45 311 189 57 57 550 8 49 49 309 419 46 46 303 230 74 74 82 232 46 46 317 295 44 44 256 221 91 91 350 226 104 104 454 328 130 130
pics/1413757523384.png 475 233 68 68 167 227 72 72
pics/1413757527280.png 170 229 57 57
pics/1413757528648.png 458 225 102 102
pics/1413757529456.png
pics/1413757548136.png 92 236 42 42 358 244 43 43
pics/1413757558920.png 500 251 49 49 487 245 102 102
pics/1413757567976.png 533 9 43 43 122 271 75 75 353 222 43 43 368 188 45 45
pics/1413757570688.png 202 294 101 101 214 422 50 50 205 399 76 76
pics/1413757580009.png 175 288 47 47 287 245 59 59 148 289 104 104
pics/1413757582680.png 230 306 51 51 552 234 45 45 192 243 51 51 255 239 89 89
pics/1413757585488.png 289 323 60 60 261 238 94 94
pics/1413757586816.png 560 244 44 44 351 344 65 65
pics/1413757600672.png 537 4 47 47 440 296 48 48 420 213 78 78 152 247 104 104
pics/1413757602288.png 601 302 41 41 520 240 53 53
pics/1413757605689.png 131 310 48 48 63 234 49 49 201 232 51 51 315 260 90 90
pics/1413757608592.png 408 266 41 41 223 343 68 68
pics/1413757614184.png 468 289 44 44 560 242 66 66
pics/1413757624144.png 386 276 45 45 391 313 43 43
pics/1413757630016.png 441 10 40 40 198 271 43 43 583 77 41 41 206 298 42 42 345 232 41 41 316 230 43 43 508 248 47 47 480 228 89 89 63 265 124 124
pics/1413757636336.png 408 2 49 49 324 312 55 55 408 235 47 47 320 228 40 40 41 277 115 115
pics/1413757638616.png 423 4 47 47 460 341 63 63 331 229 44 44 528 242 44 44 421 236 48 48 437 243 45 45 298 228 50 50 314 116 97 97 56 273 113 113 387 188 167 167
pics/1413757643824.png 409 285 42 42 310 230 50 50 336 223 50 50 317 216 88 88
pics/1413757648752.png 121 269 48 48 134 234 43 43 186 211 42 42 127 207 44 44 432 241 126 126
pics/1413757655320.png 532 265 46 46 517 331 52 52 41 224 44 44 522 258 50 50 450 233 87 87
pics/1413757659320.png 231 313 49 49 192 286 91 91
pics/1413757667104.png 175 313 50 50 199 242 43 43 392 235 48 48 362 225 86 86
pics/1413757712584.png 543 270 42 42 535 230 59 59
pics/1413757757665.png 551 1 41 41 280 217 58 58 490 204 47 47 493 232 43 43 493 248 40 40 496 207 60 60 301 306 59 59 349 222 105 105 477 272 88 88
pics/1404934505463.png 548 65 44 44 292 236 42 42
pics/1404934510799.png 363 1 47 47 149 239 54 54 544 250 45 45
pics/1414197383368.png 113 274 41 41 489 359 93 93
pics/1414197384607.png 150 281 46 46 541 237 45 45
pics/1414197384991.png 164 279 47 47
pics/1414197385375.png 177 289 48 48 175 245 64 64
pics/1414197385847.png 197 292 48 48 546 234 53 53 178 241 96 96 256 239 102 102
pics/1414197386351.png 553 232 41 41 220 304 48 48 172 245 102 102
pics/1414197386984.png 552 232 47 47 252 310 54 54
pics/1414197387399.png 275 319 61 61 551 234 50 50 522 238 50 50 249 239 112 112
pics/1414197387775.png 307 329 59 59
pics/1414197388207.png 340 341 65 65 550 235 54 54
pics/1414197388615.png 384 353 69 69 556 233 44 44
pics/1414197389249.png 482 380 73 73 559 235 48 48 262 258 43 43
pics/1414197389807.png 575 408 55 55 560 236 47 47
pics/1414197390207.png 294 262 44 44 566 232 43 43
pics/1414197390567.png 308 266 41 41 567 237 41 41
pics/1414197390927.png 320 269 42 42 569 239 47 47
pics/1414197391279.png 339 273 44 44 170 246 86 86
pics/1414197391639.png 377 272 43 43
pics/1414197392007.png 393 279 43 43 534 222 63 63 180 249 97 97
pics/1414197392343.png 401 284 45 45 354 228 41 41 532 237 52 52 519 237 89 89
pics/1414197392711.png 597 20 41 41 364 287 45 45
pics/1414197392991.png 594 7 43 43 385 287 44 44
pics/1414197393376.png 430 279 46 46 555 226 46 46 329 215 47 47 508 175 59 59 500 212 81 81
pics/1414197393791.png 563 8 48 48 387 290 46 46 342 208 44 44 439 221 80 80
pics/1414197394647.png 468 284 46 46 461 216 84 84
pics/1414197396007.png 40 280 43 43 509 221 86 86 39 112 168 168
pics/1414197396583.png 96 288 46 46 44 225 50 50 565 220 65 65 284 247 112 112
pics/1414197397081.png 118 304 47 47 53 232 52 52 504 257 44 44 587 225 45 45 294 257 108 108
pics/1414197397535.png 156 316 48 48 217 233 50 50 330 261 95 95
pics/1414197397927.png 186 312 52 52
pics/1414197398239.png 194 333 56 56 265 232 42 42
pics/1414197398567.png 207 338 58 58 574 258 45 45
pics/1414197398807.png 391 264 40 40 205 341 66 66 260 229 41 41 286 240 41 41 566 259 50 50
pics/1414197399143.png 421 270 45 45 258 366 71 71
pics/1414197399631.png 453 266 43 43 305 371 78 78 334 263 118 118
pics/1414197400207.png 450 279 41 41 389 437 41 41 272 230 43 43 49 228 65 65
pics/1414197401575.png 467 276 45 45 572 227 49 49 184 234 40 40
pics/1414197401911.png 473 280 44 44 557 226 45 45
pics/1414197402231.png 466 288 45 45 596 16 42 42
pics/1414197402575.png 581 3 44 44 472 284 44 44
pics/1414197402871.png 558 3 46 46 469 279 45 45 361 203 42 42 500 218 59 59 537 237 57 57 174 262 129 129
pics/1414197403368.png 549 1 44 44 575 262 45 45 482 286 45 45 529 239 52 52
pics/1414197404871.png 469 6 45 45 493 294 47 47 364 233 42 42 9 240 45 45 446 234 53 53
pics/1414197405239.png 457 0 45 45 406 230 44 44 456 14 44 44 349 237 44 44 509 240 46 46 508 304 47 47 434 240 49 49
pics/1414197405567.png 457 7 44 44 364 195 43 43 443 237 48 48 539 302 48 48 207 230 44 44 354 234 46 46 411 236 47 47
pics/1414197405944.png 558 302 50 50 447 4 48 48 431 234 48 48
pics/1414197406279.png 572 309 50 50 392 224 46 46 228 230 41 41 491 238 41 41 563 122 40 40 328 235 54 54 436 10 45 45 419 238 47 47 463 227 91 91
pics/1414197407847.png 314 226 42 42 418 2 48 48 447 235 47 47
pics/1414197408207.png 417 8 43 43 317 232 43 43 540 121 41 41 442 202 45 45
pics/1414197408575.png 409 7 44 44
pics/1414197408887.png 407 1 44 44 155 230 43 43 304 227 47 47 302 228 59 59
pics/1414197409087.png 409 1 45 45 470 251 45 45 306 225 46 46 151 228 45 45 489 233 50 50
pics/1414197409927.png 329 335 42 42 326 288 53 53
pics/1414197410215.png 303 296 53 53 305 343 48 48 289 218 66 66 282 293 145 145
pics/1414197410511.png 290 353 47 47 287 303 55 55
pics/1414197410767.png 296 308 57 57 353 308 81 81
pics/1414197410986.png 275 311 68 68 284 368 53 53
pics/1414197411199.png 260 309 72 72 538 239 43 43 341 289 115 115
pics/1414197411391.png 351 221 43 43 255 308 74 74 274 371 47 47 257 375 71 71 340 214 76 76
pics/1414197412031.png 430 3 41 41 204 275 45 45 334 226 48 48 503 242 46 46 301 226 53 53 418 236 57 57 418 168 62 62 73 270 95 95 528 234 90 90
pics/1414197412360.png 208 274 45 45 330 226 49 49 420 172 55 55 309 224 93 93 62 274 104 104
pics/1414197412735.png 320 187 41 41 227 278 46 46 337 229 46 46 558 116 41 41 425 168 59 59 51 277 122 122
pics/1414197413031.png 227 283 45 45 329 230 48 48 424 4 46 46 298 230 49 49 412 235 55 55 415 170 58 58 50 265 119 119
pics/1414197413335.png 430 5 43 43 246 288 46 46 335 232 45 45 420 235 52 52 309 229 94 94 42 263 132 132
pics/1414197413607.png 334 230 45 45 256 288 47 47 303 230 51 51 266 324 42 42 422 233 51 51 62 277 108 108
pics/1414197416696.png 422 2 44 44 470 343 62 62 332 229 50 50 495 401 52 52 363 239 89 89 451 219 98 98 311 228 89 89 47 255 119 119
pics/1414197417169.png 414 3 42 42 268 269 41 41 538 358 65 65 324 225 64 64 523 233 86 86 38 270 132 132
pics/1414197417447.png 409 2 42 42 581 369 53 53 166 230 44 44 582 407 45 45 317 230 48 48 507 228 126 126 414 207 142 142
pics/1414197418200.png 306 231 45 45 320 223 64 64 334 301 92 92 30 300 160 160
pics/1414197418471.png 414 280 42 42 323 220 69 69
pics/1414197419207.png 424 10 41 41 335 231 48 48 307 224 88 88 427 230 124 124 39 269 132 132 402 185 177 177
pics/1414197419641.png 421 3 45 45 390 286 45 45 310 227 43 43 337 231 49 49 44 279 130 130
pics/1414197420415.png 307 291 49 49 288 206 55 55
pics/1414197420711.png 121 269 48 48 134 234 43 43 186 211 42 42 127 207 44 44 432 241 126 126
pics/1414197427151.png 476 1 44 44 471 303 51 51 90 253 136 136
pics/1414197435175.png 284 294 57 57 4 210 48 48
pics/1414197437871.png 363 280 45 45 260 197 45 45 354 110 96 96
pics/1414197441288.png 562 339 61 61 201 244 48 48 179 159 92 92
pics/1414197442919.png
pics/1414197443519.png
pics/1414197443847.png
pics/1414197445703.png 69 275 43 43
pics/1414197446559.png 406 361 68 68 426 401 44 44 408 6 51 51 473 92 57 57
pics/1414197457839.png 313 307 44 44
pics/1414197462591.png 100 397 47 47 124 412 46 46
pics/1414197466071.png 186 2 47 47 417 292 43 43 486 156 47 47 425 60 41 41 408 20 51 51 462 105 72 72
pics/1414197467919.png
pics/1414197475375.png
pics/1414197476583.png 522 364 60 60 261 107 56 56
pics/1414197477257.png 253 342 78 78 437 29 44 44 17 86 68 68
pics/1414197477967.png 125 356 75 75
pics/1414197478511.png 380 18 47 47 265 353 81 81
pics/1414197479703.png 172 12 49 49 417 54 41 41 423 290 43 43
pics/1414197480583.png
pics/1413757655320.png 532 265 46 46 41 224 44 44 517 331 52 52 522 258 50 50 450 233 87 87
pics/1413757659320.png 231 313 49 49 192 286 91 91
pics/1413757667104.png 199 242 43 43 175 313 50 50 392 235 48 48 362 225 86 86
pics/1413757712584.png 543 270 42 42 535 230 59 59
pics/1414197382703.png 38 268 41 41 313 334 96 96
pics/1414197382991.png 84 261 40 40 391 340 95 95 594 6 43 43 428 219 41 41
pics/1414197496767.png 120 138 43 43 103 296 50 50 86 280 92 92 49 254 135 135
pics/1414197497447.png 487 35 42 42
pics/1414197498543.png
pics/1414197500151.png 200 307 48 48 118 47 41 41 139 101 64 64
pics/1414197500503.png 182 284 47 47 107 25 41 41 137 80 81 81
pics/1414197500919.png 134 292 50 50 100 87 65 65
pics/1414197501351.png 517 11 43 43 145 280 48 48 69 25 43 43 106 92 56 56 103 73 64 64
pics/1414197502015.png 240 48 41 41 347 307 46 46 291 135 47 47 267 98 69 69
pics/1414197502439.png 391 45 41 41 419 89 44 44 52 180 41 41 527 305 46 46 427 99 81 81
pics/1414197502919.png 510 30 42 42 547 70 79 79
pics/1414197510295.png 446 273 43 43
pics/1414197510855.png 580 2 46 46 409 276 41 41 482 227 95 95
pics/1414197511311.png 571 5 45 45 371 272 42 42 218 283 122 122
pics/1414197511895.png 305 260 41 41 360 204 43 43 413 248 47 47
pics/1414197512343.png 557 4 42 42
pics/1414197512767.png 589 7 47 47 504 239 43 43
pics/1414197513271.png
pics/1414197513799.png
pics/1414197516775.png 493 258 41 41
pics/1414197517252.png 582 302 47 47 94 239 40 40 412 251 44 44 11 398 55 55 481 212 52 52
pics/1414197517799.png 517 2 43 43 361 252 45 45 497 300 47 47 461 172 60 60
pics/1414197518207.png 533 4 44 44 469 226 45 45 472 302 46 46
pics/1414197518671.png 549 5 41 41 344 210 43 43 446 295 45 45
pics/1414197519144.png 412 290 41 41 360 253 40 40 351 207 43 43
pics/1414197519599.png 558 2 45 45 360 210 40 40 492 229 41 41 384 285 45 45
pics/1414197520103.png 569 3 49 49 500 226 44 44 370 213 41 41 370 286 40 40 491 418 44 44
pics/1414197520551.png 353 271 43 43
pics/1414197520983.png 351 273 41 41 595 0 44 44 342 253 60 60 100 211 80 80
pics/1414197521408.png
pics/1414197521807.png 111 244 47 47 592 4 48 48 249 151 53 53 500 231 79 79
pics/1414197522295.png 583 270 41 41 493 221 79 79
pics/1414197522759.png 546 269 43 43 376 203 43 43 493 217 47 47
pics/1414197523191.png 543 266 42 42 502 227 64 64 483 222 86 86
pics/1414197523599.png 10 227 44 44 522 225 52 52
pics/1414197524032.png 527 228 80 80
pics/1414197524455.png 506 266 52 52 349 224 47 47 528 225 51 51
pics/1414197524799.png 326 222 45 45 492 220 73 73
pics/1414197526599.png 509 293 45 45 345 229 48 48 566 81 51 51 264 213 98 98
pics/1414197526983.png 18 220 43 43 525 296 45 45 459 0 45 45 330 223 56 56
pics/1414197533279.png 480 356 92 92 582 212 43 43 33 121 190 190
pics/1414197533863.png 374 331 90 90
pics/1414197534511.png 572 272 50 50 280 302 87 87 318 369 43 43
pics/1414197535103.png 535 276 52 52 238 297 77 77 346 225 44 44 246 392 43 43 481 225 61 61
pics/1414197535599.png 499 269 50 50 197 283 76 76
pics/1414197536151.png 106 265 65 65 397 256 50 50 541 226 66 66
pics/1414197536654.png 65 261 59 59 588 4 43 43 523 232 51 51 343 255 50 50 386 214 92 92 506 197 104 104
pics/1414197538415.png 576 6 43 43 19 251 48 48 246 250 44 44 507 243 50 50 371 215 87 87 435 220 100 100 493 221 104 104
pics/1414197538887.png 588 4 46 46 36 248 46 46 248 249 47 47 510 254 40 40 388 223 84 84
pics/1414197539319.png 589 4 44 44 31 247 46 46 234 249 44 44 483 249 50 50 524 230 92 92 383 222 90 90
pics/1414197539711.png 22 245 45 45 220 246 42 42 470 245 41 41 513 232 50 50 454 233 60 60 208 242 74 74
pics/1414197540143.png 12 242 43 43 194 243 44 44 436 245 43 43 508 236 48 48 445 232 54 54 369 217 92 92 415 233 92 92
pics/1414197540536.png 0 242 41 41 174 242 43 43 409 246 41 41 493 236 48 48 404 248 65 65 364 225 66 66 352 217 97 97
pics/1414197540927.png 147 239 42 42 380 239 43 43 338 216 86 86
pics/1414197541327.png 343 227 60 60 465 230 48 48 129 235 44 44 479 190 56 56
pics/1414197554503.png 345 223 62 62 362 334 44 44 348 414 43 43 537 236 46 46 120 378 52 52 537 323 49 49 374 316 48 48 533 274 55 55 532 174 59 59
pics/1414197555039.png 552 1 42 42 299 216 62 62 320 307 53 53 507 220 45 45 514 343 73 73
pics/1414197555519.png 256 224 59 59 472 216 45 45 261 341 45 45 277 299 52 52 358 231 93 93 389 294 91 91 482 335 112 112
pics/1414197556015.png 246 220 57 57 563 3 47 47 259 292 60 60 464 207 44 44 466 238 45 45 429 234 48 48 383 239 62 62 371 219 101 101 474 323 135 135
pics/1414197556487.png 577 2 42 42 231 230 48 48 446 221 45 45 259 155 74 74 429 229 65 65
pics/1414197556895.png 231 218 50 50 448 203 46 46 443 230 49 49 245 281 48 48
pics/1414197557343.png 264 229 47 47 475 275 43 43 472 244 41 41
pics/1414197557783.png 283 224 46 46 291 273 44 44
pics/1414197558247.png 281 273 50 50 275 215 47 47
pics/1414197558687.png 232 262 44 44 222 211 47 47 590 208 46 46 424 196 48 48
pics/1414197559135.png 177 226 45 45 174 198 41 41 171 184 40 40 377 225 44 44 327 218 78 78
pics/1414197559559.png 120 229 45 45 107 198 82 82
pics/1414197559935.png 96 224 44 44 92 198 47 47 350 237 60 60
pics/1414197560263.png 566 0 45 45 85 225 45 45 280 224 43 43
pics/1414197560607.png 72 216 48 48 72 188 45 45
pics/1414197560951.png 67 198 42 42 65 222 46 46
pics/1414197561311.png 564 3 42 42 68 208 43 43 67 226 43 43 357 229 82 82 328 237 81 81
pics/1414197561679.png 73 196 40 40 70 222 45 45
pics/1414197562023.png 78 198 47 47 582 2 44 44 78 225 43 43 229 225 43 43
pics/1414197562606.png 78 220 50 50 445 232 45 45 59 198 90 90
pics/1414197562967.png 594 1 44 44 78 250 46 46 77 194 48 48 54 212 91 91
pics/1414197563399.png 81 247 46 46 55 199 97 97
pics/1414197563919.png 229 420 43 43 85 241 43 43 62 200 86 86
pics/1414197564423.png 268 225 46 46 82 216 44 44 60 202 101 101 23 136 152 152
pics/1414197564887.png 81 214 41 41 82 236 43 43
pics/1414197565415.png
pics/1414197565887.png
pics/1414197566439.png 486 198 51 51
pics/1414197568575.png
pics/1414197571575.png 118 168 61 61 121 257 56 56 570 196 43 43 443 203 45 45 117 116 41 41 559 357 50 50 556 248 59 59 88 160 134 134
pics/1414197572175.png 27 232 50 50 467 284 45 45 42 296 43 43 46 340 44 44 20 171 51 51 467 236 45 45 23 250 94 94 97 123 143 143
pics/1414197573287.png 270 278 49 49 272 210 49 49 273 246 43 43 520 261 51 51 263 304 85 85
pics/1414197573815.png 274 199 44 44 245 236 47 47
pics/1414197574279.png 480 5 44 44 277 209 44 44 317 207 41 41 270 277 55 55
pics/1414197575423.png 158 222 48 48 53 220 47 47 455 287 47 47
pics/1414197575968.png 237 215 51 51 526 276 43 43 526 242 42 42
pics/1414197576527.png 213 198 63 63 499 221 43 43 236 255 45 45 96 210 52 52 220 247 67 67
pics/1414197577136.png 154 210 57 57 337 175 57 57 46 258 132 132 111 141 152 152
pics/1414197577991.png 374 224 43 43 54 219 46 46 306 226 44 44 362 216 78 78
pics/1414197578815.png 23 216 44 44 348 224 45 45 394 193 45 45 343 225 65 65
pics/1414197579879.png 358 233 41 41 27 216 45 45
new_pics/michael_pics/1414787636986.png 356 130 44 44 228 43 61 61 563 61 47 47 323 68 48 48 267 338 62 62 396 36 46 46 210 54 46 46 145 100 50 50 38 106 43 43 428 257 45 45
new_pics/michael_pics/1414787637731.png 203 261 56 56 94 6 43 43 340 92 42 42 539 40 44 44 501 14 80 80 258 60 88 88 413 2 87 87
new_pics/michael_pics/1414787764331.png 313 268 56 56 242 57 48 48 458 98 44 44 258 61 51 51 373 67 87 87 518 6 94 94
new_pics/michael_pics/1414787764531.png 341 270 57 57 490 101 42 42 349 294 46 46 270 52 54 54 546 6 87 87 11 73 63 63 401 68 86 86
new_pics/michael_pics/1414787765339.png 309 262 50 50 433 129 48 48 577 67 43 43 442 73 50 50 20 78 51 51 580 81 52 52 502 77 44 44 357 117 48 48 238 124 43 43 512 9 53 53
new_pics/michael_pics/1414787765523.png 200 2 42 42 285 264 51 51 201 124 41 41 412 133 47 47 492 17 51 51 331 117 46 46 474 77 46 46 562 82 52 52 420 76 48 48 13 90 44 44
new_pics/michael_pics/1414787765747.png 253 265 53 53 380 132 48 48 389 76 49 49 451 82 44 44 305 117 46 46 45 24 65 65 174 123 41 41 522 78 64 64 423 4 59 59 433 72 52 52
new_pics/michael_pics/1414787765955.png 359 131 54 54 243 269 55 55 507 74 60 60 422 75 48 48 369 75 49 49 286 118 46 46 202 37 44 44 491 53 43 43 23 27 68 68 446 12 56 56
new_pics/michael_pics/1414787766475.png 444 67 44 44 382 61 48 48 300 105 45 45 34 12 75 75 160 112 40 40 380 120 40 40 531 70 50 50 282 257 59 59 457 3 50 50 168 59 62 62
new_pics/michael_pics/1414787766708.png 334 255 58 58 236 19 52 52 556 63 56 56 459 54 49 49 407 115 44 44 196 111 43 43 409 56 49 49 207 112 44 44 329 102 44 44 85 32 47 47
new_pics/michael_pics/1414787766931.png 438 59 47 47 25 65 45 45 382 260 58 58 499 62 43 43 577 65 57 57 77 30 44 44 92 19 63 63 432 115 47 47 199 52 44 44 224 111 41 41
new_pics/michael_pics/1414787767243.png 452 67 48 48 498 64 47 47 590 75 44 44 35 68 44 44 290 136 44 44 280 24 45 45 365 108 49 49 413 269 61 61 513 76 43 43 443 123 48 48
new_pics/michael_pics/1414787767641.png 321 126 44 44 186 4 46 46 397 143 47 47 413 10 73 73 399 294 70 70 520 34 40 40 481 25 55 55 67 26 66 66 406 86 51 51 469 34 44 44
new_pics/michael_pics/1414787767907.png 138 128 40 40 581 3 47 47 122 66 43 43 274 125 43 43 86 132 43 43 348 143 45 45 356 87 49 49 408 88 47 47 24 27 66 66 487 83 69 69
new_pics/michael_pics/1414787768146.png 554 1 44 44 83 71 46 46 314 140 46 46 323 84 47 47 6 20 43 43 382 15 43 43 594 26 44 44 376 86 49 49 471 94 54 54 439 30 41 41
new_pics/michael_pics/1414787768387.png 587 10 46 46 308 129 48 48 459 70 63 63 371 74 45 45 315 73 49 49 376 286 80 80 232 118 44 44 102 70 65 65 294 4 81 81
new_pics/michael_pics/1414787768587.png 594 2 43 43 473 71 51 51 379 6 44 44 385 68 43 43 323 65 46 46 241 110 48 48 461 55 45 45 108 122 42 42 319 123 44 44 402 275 83 83
new_pics/michael_pics/1414787779259.png 28 52 40 40 431 8 44 44 125 58 48 48 421 166 41 41 104 94 43 43 498 115 45 45 311 3 56 56 453 34 62 62 252 5 55 55 110 42 55 55
new_pics/michael_pics/1414787779467.png 347 19 41 41 470 36 57 57 533 24 45 45 145 57 45 45 1 29 45 45 16 38 51 51 333 4 53 53 310 118 84 84
new_pics/michael_pics/1414787779684.png 439 2 44 44 106 85 45 45 33 44 43 43 127 47 48 48 294 51 56 56 455 30 64 64 301 112 86 86
new_pics/michael_pics/1414787779963.png 118 57 43 43 327 72 45 45 435 31 63 63 482 124 44 44 298 4 52 52 272 55 57 57 97 51 57 57 279 122 78 78
new_pics/michael_pics/1414787780227.png 84 58 49 49 276 7 52 52 387 11 45 45 239 17 43 43 415 39 58 58 279 116 43 43 297 68 51 51
new_pics/michael_pics/1414787780507.png 352 4 44 44 64 62 42 42 377 30 64 64 245 109 47 47 178 6 45 45
new_pics/michael_pics/1414787780774.png 137 12 42 42 311 10 48 48 196 7 48 48 216 19 44 44 428 56 44 44 230 76 46 46 18 59 52 52 370 115 55 55 334 33 63 63 38 61 55 55
new_pics/michael_pics/1414787781027.png 113 13 45 45 293 23 43 43 316 42 61 61 198 26 41 41 404 58 47 47 170 4 55 55 158 119 78 78 391 246 91 91
new_pics/michael_pics/1414787781267.png 184 73 42 42 273 6 41 41 108 9 43 43 167 8 45 45 113 223 45 45 285 27 69 69 128 124 82 82
new_pics/michael_pics/1414787784811.png 112 127 42 42 75 272 44 44 130 61 44 44 426 12 42 42 17 50 42 42 244 4 45 45 313 6 46 46 346 74 49 49 91 90 52 52 316 110 51 51
new_pics/michael_pics/1414787784955.png 267 226 44 44 414 4 43 43 58 273 44 44 412 162 40 40 10 52 43 43 90 94 44 44 120 59 45 45 194 84 46 46 542 58 44 44 103 126 44 44
new_pics/michael_pics/1414787799059.png 576 3 43 43 124 234 44 44 157 57 91 91 356 69 91 91
new_pics/michael_pics/1414787799307.png 556 32 44 44 437 111 42 42 318 93 102 102 371 71 89 89 164 47 104 104
new_pics/michael_pics/1414787799547.png 564 44 43 43 145 246 50 50 331 106 99 99
new_pics/michael_pics/1414787799771.png 471 125 46 46 350 110 101 101
new_pics/michael_pics/1414787800027.png 492 16 43 43 210 246 44 44 501 111 49 49
new_pics/michael_pics/1414787806763.png 139 4 50 50 414 267 43 43 296 64 41 41 398 65 43 43 62 26 76 76 176 65 45 45 145 69 43 43 54 105 50 50 504 0 50 50 572 4 46 46
new_pics/michael_pics/1414787807011.png 510 5 49 49 338 266 44 44 124 133 42 42 23 63 48 48 323 60 49 49 154 104 45 45 120 67 46 46 337 79 44 44 142 22 43 43 27 34 54 54
new_pics/michael_pics/1414787807227.png 18 3 45 45 56 128 45 45 259 263 44 44 259 60 45 45 62 66 42 42 143 54 46 46 86 100 46 46 545 5 44 44 119 72 43 43 297 76 46 46
new_pics/michael_pics/1414787807443.png 183 260 44 44 18 96 46 46 478 1 44 44 95 54 40 40 189 56 46 46 350 15 48 48 301 87 44 44 44 35 50 50 191 106 95 95 262 65 89 89
new_pics/michael_pics/1414787807619.png 147 259 42 42 24 67 41 41 353 4 48 48 159 58 43 43 9 30 46 46 44 47 44 44 59 54 41 41 316 12 51 51
new_pics/michael_pics/1414787813267.png 354 13 48 48 39 231 103 103 422 10 55 55 178 201 81 81
new_pics/michael_pics/1414787817355.png 9 8 44 44 317 237 127 127 132 243 91 91
new_pics/michael_pics/1414787817571.png 40 8 45 45 16 1 57 57 1 5 61 61 351 232 132 132
new_pics/michael_pics/1414787817787.png 63 5 48 48 44 9 46 46 483 5 44 44 384 332 70 70 368 229 131 131 206 239 177 177
new_pics/michael_pics/1414787817947.png 70 7 42 42 47 5 45 45 268 131 50 50 374 341 76 76 373 230 133 133 244 241 132 132
new_pics/michael_pics/1414787828739.png 106 125 51 51 106 63 48 48 415 66 44 44 344 66 46 46 246 334 57 57 13 138 44 44 33 28 82 82 186 57 42 42 92 91 43 43 187 75 55 55
new_pics/michael_pics/1414787828971.png 6 2 44 44 220 128 50 50 216 66 48 48 454 67 44 44 523 66 44 44 143 33 87 87 382 337 55 55 543 84 41 41 380 121 44 44 302 82 49 49
new_pics/michael_pics/1414787829171.png 55 2 46 46 279 130 48 48 434 64 44 44 576 66 44 44 272 68 45 45 448 340 56 56 29 77 57 57 595 81 43 43 360 81 50 50 432 119 45 45
new_pics/michael_pics/1414787830283.png 452 58 44 44 299 106 46 46 235 68 46 46 147 110 46 46 27 14 43 43 562 88 45 45 221 41 47 47 143 47 50 50 375 55 51 51 85 23 79 79
new_pics/michael_pics/1414787833539.png 87 17 44 44 137 29 51 51 45 229 43 43 568 174 48 48 272 19 54 54 21 233 84 84
new_pics/michael_pics/1414787833819.png 31 3 44 44 13 227 54 54 54 235 46 46 251 21 45 45 111 41 44 44 119 22 52 52
new_pics/michael_pics/1414787834363.png 358 126 44 44 7 7 48 48 100 31 53 53 329 59 47 47 43 22 49 49
new_pics/michael_pics/1414787834627.png 350 268 42 42 369 130 41 41 109 48 43 43 110 5 45 45 223 100 49 49 54 24 47 47 115 33 53 53
new_pics/michael_pics/1414787834891.png 74 0 41 41 394 131 43 43 372 275 42 42 176 111 43 43 366 58 51 51 552 127 61 61 131 8 89 89
new_pics/michael_pics/1414787835147.png 162 42 47 47 132 244 45 45 44 26 45 45 273 99 48 48 206 95 62 62 160 6 91 91
new_pics/michael_pics/1414787835347.png 425 269 41 41 188 42 45 45 196 28 49 49 186 3 86 86
new_pics/michael_pics/1414787835555.png 40 4 42 42 521 82 45 45 351 18 47 47 20 147 60 60 203 9 82 82
new_pics/michael_pics/1414787835779.png 79 5 40 40 65 2 44 44 471 274 42 42 386 19 42 42 244 15 70 70
new_pics/michael_pics/1414787835995.png 511 281 44 44 280 19 73 73
new_pics/michael_pics/1414787836155.png 124 10 41 41 534 283 42 42 134 15 44 44 185 30 45 45 486 151 50 50 215 10 59 59 299 9 86 86
new_pics/michael_pics/1414787838907.png 197 2 44 44 15 71 40 40 246 237 41 41 298 149 41 41 505 20 45 45 561 327 49 49 381 3 47 47
new_pics/michael_pics/1414787839131.png 187 1 41 41 368 7 40 40 7 70 41 41 285 149 41 41 230 230 45 45 545 329 51 51 293 22 47 47 500 20 44 44
new_pics/michael_pics/1414787839347.png 180 3 44 44 361 5 43 43 227 234 44 44 277 145 42 42 532 329 51 51 487 19 48 48
new_pics/michael_pics/1414787839555.png 356 5 40 40 175 4 44 44 511 330 57 57 220 240 42 42 481 18 47 47 175 236 45 45 414 41 45 45 521 146 46 46 40 196 120 120
new_pics/michael_pics/1414787839747.png 479 19 44 44 505 331 57 57 594 123 46 46 520 147 45 45 279 17 53 53 32 195 126 126
new_pics/michael_pics/1414787839947.png 169 4 44 44 487 330 60 60 474 16 42 42 370 26 43 43 208 238 46 46 276 17 50 50 500 137 53 53
new_pics/michael_pics/1414787840131.png 166 2 43 43 362 28 43 43 476 14 44 44 479 331 59 59 201 235 43 43 211 14 46 46 509 140 45 45
new_pics/michael_pics/1414787840315.png 462 10 49 49 459 326 60 60
new_pics/michael_pics/1414787840507.png 176 229 46 46 442 323 56 56 455 6 46 46 341 17 48 48 19 196 108 108
new_pics/michael_pics/1414787840675.png 170 230 46 46 450 8 46 46 432 324 56 56
new_pics/michael_pics/1414787840859.png 130 1 41 41 419 322 62 62 166 232 46 46 441 11 50 50 314 34 45 45 555 114 47 47
new_pics/michael_pics/1414787841043.png 402 324 59 59 203 2 43 43 432 12 46 46 304 34 43 43 153 232 48 48 209 234 43 43 124 1 45 45 454 133 55 55
new_pics/michael_pics/1414787841235.png 289 31 44 44 367 323 60 60 145 11 52 52 238 134 44 44 265 100 61 61
new_pics/michael_pics/1414787841451.png 161 5 44 44 219 131 43 43 341 324 57 57 262 34 47 47 103 234 48 48 390 13 52 52 362 86 51 51
new_pics/michael_pics/1414787841635.png 112 0 42 42 271 318 57 57 418 129 40 40 207 35 45 45 226 23 43 43 26 231 40 40 53 232 45 45 162 128 43 43 338 15 50 50 213 27 59 59
new_pics/michael_pics/1414787841795.png 8 0 43 43 129 131 44 44 176 31 48 48 24 234 45 45 232 316 56 56 68 227 50 50
new_pics/michael_pics/1414787854067.png 362 1 42 42 43 31 50 50 409 97 43 43 202 113 44 44 161 96 58 58 19 69 44 44 372 61 55 55 330 108 44 44 230 79 44 44 484 4 79 79
new_pics/michael_pics/1414787854427.png 192 119 42 42 357 59 60 60 10 76 42 42 33 36 53 53 99 114 42 42 394 104 41 41 147 101 62 62 596 113 44 44 347 1 47 47 407 2 54 54
new_pics/michael_pics/1414787854611.png 360 5 42 42 44 38 49 49 375 67 49 49 307 58 40 40 22 75 43 43 406 104 46 46 202 119 43 43 555 56 65 65 159 105 63 63 221 82 46 46
new_pics/michael_pics/1414787854795.png 52 37 51 51 365 5 45 45 29 75 43 43 378 64 58 58 542 42 68 68 317 57 46 46 169 101 64 64 411 101 45 45 430 5 48 48 573 61 52 52
new_pics/michael_pics/1414787855107.png 57 68 42 42 262 70 44 44 413 60 48 48 76 30 53 53 197 93 63 63 152 102 44 44 242 111 44 44 393 1 44 44 502 5 78 78 378 43 90 90
new_pics/michael_pics/1414787856771.png 38 66 43 43 64 30 48 48 389 58 57 57 554 45 48 48 586 54 46 46 182 95 58 58 419 97 44 44 429 97 46 46 490 2 83 83 548 40 88 88
new_pics/michael_pics/1414787857035.png 371 6 43 43 381 63 61 61 60 41 48 48 319 56 44 44 37 78 43 43 218 119 43 43 176 106 60 60 427 6 56 56 7 23 55 55 495 9 82 82
new_pics/michael_pics/1414787857283.png 387 9 40 40 72 44 49 49 51 79 44 44 253 82 44 44 397 63 63 63 594 60 46 46 337 60 43 43 193 105 61 61 146 112 40 40 236 123 41 41
new_pics/michael_pics/1414787861323.png 413 302 49 49 577 145 44 44 147 89 46 46 116 54 55 55 360 107 48 48 510 104 42 42 359 24 44 44 391 29 72 72 558 45 43 43 445 60 49 49
new_pics/michael_pics/1414787861491.png 476 301 49 49 402 22 46 46 157 51 60 60 406 106 46 46 551 101 44 44 99 42 42 42 311 32 48 48 327 43 47 47 358 50 55 55 288 11 69 69
new_pics/michael_pics/1414787879259.png 544 59 46 46 172 240 44 44
new_pics/michael_pics/1414787879595.png 570 60 47 47 185 247 44 44
new_pics/michael_pics/1414787879915.png 207 249 43 43 302 16 47 47
new_pics/michael_pics/1414787880171.png 218 249 45 45
new_pics/michael_pics/1414787880459.png 228 248 45 45
new_pics/michael_pics/1414787880723.png 104 74 42 42 233 247 46 46 28 109 47 47
new_pics/michael_pics/1414787881011.png 226 242 48 48 80 74 43 43
new_pics/michael_pics/1414787881291.png 132 163 44 44 212 244 48 48
new_pics/michael_pics/1414787881547.png 193 247 46 46
new_pics/michael_pics/1414787881747.png 160 248 52 52 2 6 43 43 243 7 44 44 383 2 59 59
new_pics/michael_pics/1414787881939.png 143 248 51 51
new_pics/michael_pics/1414787886539.png 268 246 47 47 176 69 48 48 261 65 60 60 169 38 85 85
new_pics/michael_pics/1414787886715.png 429 227 43 43 243 81 42 42 230 244 51 51 55 15 49 49 91 35 45 45 253 52 57 57 142 29 92 92
new_pics/michael_pics/1414787886891.png 163 247 50 50 182 72 55 55 7 17 50 50 204 56 56 56 92 35 90 90
new_pics/michael_pics/1414787887051.png 582 1 43 43 20 38 43 43 131 251 50 50 554 43 52 52 163 75 51 51 74 41 79 79
new_pics/michael_pics/1414787887235.png 101 252 50 50 2 40 44 44 61 72 48 48 318 235 41 41 85 54 51 51 125 89 46 46 141 79 53 53 536 43 51 51 160 64 57 57 55 35 87 87
new_pics/michael_pics/1414788144195.png 357 300 46 46 6 155 75 75
new_pics/michael_pics/1414788144435.png 265 274 40 40 325 289 47 47
new_pics/michael_pics/1414788144667.png 315 282 45 45
new_pics/michael_pics/1414788144867.png 224 261 40 40 284 281 47 47
new_pics/michael_pics/1414788145091.png 271 280 47 47
new_pics/michael_pics/1414788145291.png 178 261 41 41 238 279 46 46 324 116 111 111
new_pics/michael_pics/1414788145483.png 194 292 48 48 139 279 41 41
new_pics/michael_pics/1414788145675.png 178 300 48 48
new_pics/michael_pics/1414788146043.png 175 289 45 45 433 144 81 81
new_pics/michael_pics/1414788146267.png 198 262 47 47 143 240 43 43 487 157 62 62
new_pics/michael_pics/1414788146451.png 226 263 47 47 171 243 42 42
new_pics/michael_pics/1414788146651.png 241 273 48 48 342 108 104 104
new_pics/michael_pics/1414788146843.png 217 285 40 40 273 300 48 48
new_pics/michael_pics/1414788147084.png 304 332 47 47 246 314 41 41
new_pics/michael_pics/1414788147923.png 512 266 43 43 594 386 46 46 567 370 59 59 566 407 65 65
new_pics/michael_pics/1414788148091.png 594 400 43 43 529 244 44 44
new_pics/michael_pics/1414788148283.png 530 230 45 45
new_pics/michael_pics/1414788148491.png 522 218 44 44
new_pics/michael_pics/1414788148723.png 501 239 45 45
new_pics/michael_pics/1414788148939.png 477 280 45 45
new_pics/michael_pics/1414788149147.png 467 293 44 44
new_pics/michael_pics/1414788149459.png 444 278 43 43
new_pics/michael_pics/1414788149691.png 430 249 46 46
new_pics/michael_pics/1414788149899.png 422 239 45 45
new_pics/michael_pics/1414788150795.png 222 327 73 73 189 281 47 47
new_pics/michael_pics/1414788150939.png 215 294 46 46 244 339 78 78
new_pics/michael_pics/1414788151163.png 280 318 46 46 304 366 77 77 115 159 86 86
new_pics/michael_pics/1414788151355.png 314 325 48 48 338 375 76 76
new_pics/michael_pics/1414788151555.png 382 331 47 47 403 383 79 79
new_pics/michael_pics/1414788151731.png 425 381 81 81 406 326 49 49
new_pics/michael_pics/1414788151948.png 460 382 83 83 445 321 49 49
new_pics/michael_pics/1414788152139.png 465 324 51 51 478 392 80 80
new_pics/michael_pics/1414788152331.png 467 324 54 54 254 268 41 41 481 395 81 81
new_pics/michael_pics/1414788152547.png 248 265 41 41 462 322 52 52 473 399 74 74
new_pics/michael_pics/1414788152747.png 441 331 52 52 319 152 76 76
new_pics/michael_pics/1414788152939.png 406 337 58 58 22 252 44 44 303 166 71 71
new_pics/michael_pics/1414788153155.png 182 277 43 43 394 342 53 53
new_pics/michael_pics/1414788153379.png 158 275 40 40 359 343 60 60
new_pics/michael_pics/1414788153531.png 158 275 40 40 359 343 60 60
new_pics/michael_pics/1414788153755.png 118 260 43 43 309 334 69 69
new_pics/michael_pics/1414788153947.png 99 264 42 42 441 272 43 43 278 343 74 74 244 146 78 78
new_pics/michael_pics/1414788154163.png 81 274 43 43 248 356 78 78 233 149 83 83
new_pics/michael_pics/1414788154371.png 76 278 42 42 429 281 40 40 241 363 72 72
new_pics/michael_pics/1414788154539.png 423 277 42 42 61 280 42 42 204 367 84 84 229 146 86 86
new_pics/michael_pics/1414788154804.png 423 279 43 43 53 278 41 41 177 377 88 88
new_pics/michael_pics/1414788154995.png 52 274 42 42 432 281 43 43 390 160 45 45 159 384 88 88
new_pics/michael_pics/1414788155211.png 55 272 42 42 440 282 44 44 155 389 84 84
new_pics/michael_pics/1414788155811.png 469 285 44 44 54 293 43 43
new_pics/michael_pics/1414788156011.png 452 296 46 46 27 305 43 43 313 168 63 63
new_pics/michael_pics/1414788157755.png 431 428 43 43 295 308 60 60 247 146 72 72
new_pics/michael_pics/1414788157939.png 329 319 64 64
new_pics/michael_pics/1414788158155.png 386 343 69 69
new_pics/michael_pics/1414788158323.png 417 412 45 45 423 355 68 68
new_pics/michael_pics/1414788160027.png 36 290 45 45
new_pics/michael_pics/1414788160195.png 38 316 48 48
new_pics/michael_pics/1414788160395.png 27 328 47 47 544 271 41 41
new_pics/michael_pics/1414788160571.png 520 266 41 41 2 339 41 41
new_pics/michael_pics/1414788163619.png 399 298 43 43
new_pics/michael_pics/1414788163827.png 371 275 45 45
new_pics/michael_pics/1414788163971.png 353 267 42 42
new_pics/michael_pics/1414788164627.png 2 277 42 42
new_pics/michael_pics/1414788166076.png 164 291 45 45 376 266 40 40
new_pics/michael_pics/1414788166267.png 373 285 40 40 156 312 44 44 25 111 53 53
new_pics/michael_pics/1414788166451.png 366 291 42 42 141 312 45 45
new_pics/michael_pics/1414788166643.png 365 285 41 41 133 299 47 47 401 224 89 89
new_pics/michael_pics/1414788166811.png 370 262 42 42 127 272 46 46
new_pics/michael_pics/1414788167011.png 124 267 48 48 374 259 42 42
new_pics/michael_pics/1414788167195.png 391 274 44 44 131 284 48 48
new_pics/michael_pics/1414788167355.png 399 284 42 42 133 297 47 47
new_pics/michael_pics/1414788168051.png 151 278 45 45 542 132 88 88
new_pics/michael_pics/1414788168243.png 173 307 45 45
new_pics/michael_pics/1414788168459.png 183 312 47 47 381 147 114 114
new_pics/michael_pics/1414788168683.png 210 311 47 47
new_pics/michael_pics/1414788168899.png 243 304 48 48
new_pics/michael_pics/1414788169116.png 280 304 49 49
new_pics/michael_pics/1414788169331.png 317 301 51 51
new_pics/michael_pics/1414788169515.png 330 297 52 52
new_pics/michael_pics/1414788170331.png 58 325 54 54 491 306 47 47
new_pics/michael_pics/1414788170532.png 39 330 55 55 478 308 50 50
new_pics/michael_pics/1414788170740.png 3 345 46 46 445 313 51 51
new_pics/michael_pics/1414788170931.png 409 315 50 50 239 168 47 47
new_pics/michael_pics/1414788171116.png 393 312 49 49
new_pics/michael_pics/1414788171315.png 357 306 54 54
new_pics/michael_pics/1414788171493.png 342 306 52 52 32 57 89 89
new_pics/michael_pics/1414788172779.png 240 323 57 57
new_pics/michael_pics/1414788172931.png 243 324 59 59
new_pics/michael_pics/1414788175523.png 522 289 41 41
new_pics/michael_pics/1414788175715.png 526 292 43 43 118 167 48 48
new_pics/michael_pics/1414788175899.png 534 283 44 44
new_pics/michael_pics/1414788176067.png 531 277 43 43 123 161 48 48
new_pics/michael_pics/1414788176379.png 494 292 43 43 488 153 94 94
new_pics/michael_pics/1414788176603.png 449 300 44 44 528 246 41 41
new_pics/michael_pics/1414788176843.png 387 293 44 44 477 241 41 41
new_pics/michael_pics/1414788177067.png 305 287 46 46 408 231 40 40 438 123 104 104
new_pics/michael_pics/1414788177291.png 260 287 47 47
new_pics/michael_pics/1414788177507.png 166 289 45 45
new_pics/michael_pics/1414788177667.png 85 282 48 48 218 227 41 41
new_pics/michael_pics/1414788181819.png 297 323 56 56 547 241 43 43
new_pics/michael_pics/1414788394243.png 367 26 41 41 231 335 44 44 231 308 49 49
new_pics/michael_pics/1414788394411.png 208 322 47 47
new_pics/michael_pics/1414788394611.png 161 337 48 48 158 364 52 52 323 250 126 126
new_pics/michael_pics/1414788394795.png 136 344 43 43 134 371 47 47
new_pics/michael_pics/1414788394980.png 88 358 50 50 176 89 349 349
new_pics/michael_pics/1414788395163.png 73 361 43 43 413 152 50 50 71 359 59 59 94 160 89 89
new_pics/michael_pics/1414788408531.png 267 218 41 41 335 222 101 101 339 125 101 101
new_pics/michael_pics/1414788408708.png 233 238 43 43 338 216 90 90 339 117 98 98
new_pics/michael_pics/1414788408971.png 347 207 97 97 207 88 94 94
new_pics/michael_pics/1414788409195.png 237 245 42 42 358 111 104 104 345 222 118 118
new_pics/michael_pics/1414788409420.png 264 280 41 41 276 158 51 51
new_pics/michael_pics/1414788409627.png 318 291 45 45
new_pics/michael_pics/1414788409859.png 393 292 44 44 450 250 45 45 533 249 93 93
new_pics/michael_pics/1414788410075.png 437 293 44 44 230 158 97 97
new_pics/michael_pics/1414788427836.png 369 158 44 44
new_pics/michael_pics/1414788428075.png
new_pics/michael_pics/1414788428371.png 152 123 95 95
new_pics/michael_pics/1414788428619.png
new_pics/michael_pics/1414788428875.png 105 147 98 98
new_pics/michael_pics/1414788429235.png
new_pics/michael_pics/1414788429619.png
new_pics/michael_pics/1414788430075.png 221 281 42 42 98 130 86 86
new_pics/michael_pics/1414788430332.png 261 291 41 41 124 136 86 86
new_pics/michael_pics/1414788430539.png 311 300 42 42
new_pics/michael_pics/1414788430731.png 334 295 42 42 164 135 92 92
new_pics/michael_pics/1414788430923.png 166 110 88 88
new_pics/michael_pics/1414788431139.png 359 264 43 43
new_pics/michael_pics/1414788431367.png 334 292 44 44 70 227 47 47
new_pics/michael_pics/1414788431587.png 312 308 42 42
new_pics/michael_pics/1414788431803.png 252 324 44 44 23 133 90 90
new_pics/michael_pics/1414788432051.png 184 334 45 45
new_pics/michael_pics/1414788432259.png 140 341 45 45
new_pics/michael_pics/1414788432475.png 106 324 45 45
new_pics/michael_pics/1414788432684.png 92 314 46 46
new_pics/michael_pics/1414788432899.png 61 318 47 47
new_pics/michael_pics/1414788433067.png 35 333 47 47
new_pics/michael_pics/1414788453219.png 37 259 48 48
new_pics/michael_pics/1414788453451.png 15 267 49 49
new_pics/michael_pics/1414788456604.png 524 310 59 59 357 156 48 48 308 77 86 86 135 122 94 94 223 110 120 120
new_pics/michael_pics/1414788456779.png 547 325 60 60 385 169 42 42 103 136 51 51
new_pics/michael_pics/1414788483795.png 333 242 57 57 414 218 89 89 299 206 94 94
new_pics/michael_pics/1414788484027.png 533 246 53 53
new_pics/michael_pics/1414788484235.png 586 252 51 51 220 176 57 57
new_pics/michael_pics/1414788484443.png 549 252 44 44 188 174 47 47
new_pics/michael_pics/1414788484675.png 492 267 46 46 426 240 51 51
new_pics/michael_pics/1414788484899.png 565 242 49 49 559 257 47 47 42 170 59 59 394 134 115 115
new_pics/michael_pics/1414788485067.png 526 246 48 48 366 151 90 90 168 237 84 84
new_pics/michael_pics/1414788486435.png 244 152 45 45 544 230 44 44 374 250 50 50
new_pics/michael_pics/1414788486643.png 347 278 45 45 513 236 50 50 199 171 60 60
new_pics/michael_pics/1414788486867.png 111 87 47 47 193 175 57 57 567 234 52 52
new_pics/michael_pics/1414788487091.png 520 226 49 49
new_pics/michael_pics/1414788487315.png 367 253 42 42 526 224 49 49
new_pics/michael_pics/1414788487547.png 382 253 43 43 542 229 52 52
new_pics/michael_pics/1414788487779.png
new_pics/michael_pics/1414788488035.png 572 233 49 49 418 277 41 41 256 171 64 64
new_pics/michael_pics/1414788488283.png 467 271 40 40 320 174 50 50
new_pics/michael_pics/1414788488491.png 481 270 43 43 311 153 69 69
new_pics/michael_pics/1414788488699.png 518 281 40 40 370 168 44 44 28 233 47 47
new_pics/michael_pics/1414788612612.png 441 275 176 176
new_pics/michael_pics/1414788612804.png 369 153 147 147
new_pics/michael_pics/1414788612939.png 584 237 47 47 441 273 167 167 21 286 178 178
new_pics/michael_pics/1414788613155.png 488 233 42 42 430 265 181 181
new_pics/michael_pics/1414788613323.png 201 278 157 157
new_pics/michael_pics/1414788614172.png 545 363 46 46
new_pics/michael_pics/1414788614395.png 356 197 45 45 396 326 114 114 277 306 131 131
new_pics/michael_pics/1414788614635.png 7 239 41 41 326 247 41 41 355 204 47 47 121 222 89 89
new_pics/michael_pics/1414788615069.png 48 240 41 41 19 291 117 117
new_pics/michael_pics/1414788615275.png 40 245 42 42 29 290 100 100 154 224 118 118 319 250 196 196
new_pics/michael_pics/1414788615475.png 13 241 42 42 190 242 43 43 313 233 157 157
new_pics/michael_pics/1414788615643.png 169 246 42 42 351 207 45 45 305 328 89 89
new_pics/michael_pics/1414788616563.png 431 250 43 43 537 226 96 96 239 298 147 147
new_pics/michael_pics/1414788616780.png 201 171 45 45 429 248 42 42 591 258 43 43 539 224 89 89 396 274 171 171
new_pics/michael_pics/1414788616979.png 422 245 42 42 536 220 93 93 392 275 172 172 218 272 192 192 281 141 178 178
new_pics/michael_pics/1414788617179.png 434 239 42 42 570 221 53 53 545 220 86 86 405 264 180 180 232 281 180 180 14 267 194 194
new_pics/michael_pics/1414788617355.png 428 241 42 42 568 239 48 48 561 220 62 62 8 275 178 178 395 263 181 181 228 268 198 198
new_pics/michael_pics/1414788617531.png 422 240 42 42 561 225 53 53 395 275 181 181 10 266 179 179 207 261 203 203
new_pics/michael_pics/1414788618267.png 49 240 42 42
new_pics/michael_pics/1414788618491.png 66 239 43 43
new_pics/michael_pics/1414788618675.png 65 245 43 43 19 245 52 52
new_pics/michael_pics/1414788618859.png 55 252 44 44 468 400 43 43 275 351 126 126
new_pics/michael_pics/1414788619043.png 44 254 43 43
new_pics/michael_pics/1414788619212.png 40 248 44 44 198 209 43 43 488 387 43 43 264 324 40 40 163 179 81 81
new_pics/michael_pics/1414788619995.png 370 256 47 47 75 244 46 46 530 170 61 61 524 216 76 76
new_pics/michael_pics/1414788620203.png 7 214 43 43 299 223 51 51 575 237 44 44 275 65 104 104
new_pics/michael_pics/1414788620403.png 257 210 47 47 537 225 44 44 442 187 67 67 245 186 87 87 235 50 138 138 269 234 192 192
new_pics/michael_pics/1414788620596.png 537 225 44 44 257 210 47 47 442 187 67 67 245 186 87 87 235 50 138 138 269 234 192 192
new_pics/michael_pics/1414788620795.png 280 261 50 50 567 278 45 45 478 248 63 63 466 180 62 62 210 224 78 78 312 296 97 97
new_pics/michael_pics/1414788620979.png 302 272 50 50 590 285 45 45 3 249 42 42 477 244 88 88 338 291 162 162
new_pics/michael_pics/1414788621147.png 323 255 50 50 16 239 44 44 505 225 83 83 343 283 184 184
new_pics/michael_pics/1414788622299.png 53 254 48 48 471 376 46 46 284 252 46 46 71 256 47 47 312 281 124 124
new_pics/michael_pics/1414788622483.png 47 265 48 48 281 262 47 47 504 397 46 46 401 390 44 44 44 313 46 46 141 331 104 104 250 256 101 101
new_pics/michael_pics/1414788622683.png 53 273 48 48 291 268 47 47 539 412 46 46 127 337 120 120
new_pics/michael_pics/1414788622892.png 278 267 48 48 39 270 49 49 541 416 48 48 442 180 45 45 364 323 107 107 101 316 156 156
new_pics/michael_pics/1414788623073.png 22 257 50 50 265 258 48 48 558 419 49 49 336 303 139 139
new_pics/michael_pics/1414788623219.png 8 255 48 48 561 429 46 46 74 226 44 44 251 258 48 48 213 339 126 126 342 296 152 152
new_pics/michael_pics/1414788624171.png 151 252 63 63 589 270 49 49 278 258 184 184
new_pics/michael_pics/1414788624547.png 134 249 68 68 596 277 45 45 104 194 66 66 128 78 97 97 36 298 107 107 218 138 145 145 278 258 193 193
new_pics/michael_pics/1414788876596.png 358 272 50 50 394 253 43 43 357 250 83 83 446 115 89 89
new_pics/michael_pics/1414788876836.png 267 273 53 53 300 254 42 42 332 122 104 104
new_pics/michael_pics/1414788878084.png 386 257 62 62 377 230 45 45
new_pics/michael_pics/1414788878316.png 455 256 64 64 432 228 45 45
new_pics/michael_pics/1414788884684.png 504 266 43 43
new_pics/michael_pics/1414788909660.png 341 191 47 47 531 204 48 48 535 238 41 41
new_pics/tommy_pics/1414787615126.png 166 67 41 41 101 173 60 60
new_pics/tommy_pics/1414787618140.png 226 121 59 59
new_pics/tommy_pics/1414787619562.png 450 246 45 45 24 107 44 44 69 112 64 64
new_pics/tommy_pics/1414787626091.png 98 13 43 43 482 251 45 45 200 86 49 49 222 81 54 54 80 86 44 44 357 74 43 43 533 111 44 44 463 34 44 44 404 121 43 43 378 57 48 48
new_pics/tommy_pics/1414787887403.png 50 252 50 50 558 35 56 56 104 76 55 55 502 42 50 50 23 33 87 87 57 54 83 83
new_pics/tommy_pics/1414787887603.png 8 251 50 50 220 160 41 41 3 70 49 49 81 80 49 49 547 36 46 46 480 38 46 46 14 27 81 81 213 137 86 86 524 20 88 88
new_pics/tommy_pics/1414787889779.png 155 84 43 43 42 11 43 43 232 234 42 42 4 41 45 45 124 91 46 46 56 35 92 92
new_pics/tommy_pics/1414787890067.png 209 235 43 43 144 81 45 45 532 41 42 42 585 32 54 54 118 91 44 44 23 1 52 52 524 30 61 61 47 34 90 90 126 67 74 74
new_pics/tommy_pics/1414787890523.png 553 27 55 55 21 65 48 48 149 227 42 42 101 69 56 56 501 34 48 48 16 29 88 88
new_pics/tommy_pics/1414787891651.png 206 256 43 43 589 37 47 47 118 89 44 44 204 95 50 50 147 68 51 51 220 74 57 57 75 2 69 69 112 56 86 86
new_pics/tommy_pics/1414787893115.png 135 63 43 43 131 10 47 47 131 281 66 66 87 81 43 43 152 102 43 43 138 52 48 48 541 39 91 91
new_pics/tommy_pics/1414787893347.png 198 6 44 44 201 55 45 45 199 272 67 67
new_pics/tommy_pics/1414787893547.png 251 6 44 44 254 55 41 41 262 267 73 73 284 91 46 46 55 141 118 118
new_pics/tommy_pics/1414787893739.png 296 270 67 67 277 6 44 44 274 51 50 50 563 69 44 44 79 135 118 118
new_pics/tommy_pics/1414787893931.png 295 2 43 43 319 7 47 47 55 6 45 45 347 270 67 67 103 169 45 45 331 48 53 53 145 152 95 95
new_pics/tommy_pics/1414787894827.png 284 229 44 44 538 231 40 40 316 74 47 47 261 36 56 56 546 227 53 53 330 48 60 60 224 21 90 90 297 63 76 76
new_pics/tommy_pics/1414787895011.png 306 234 45 45 255 62 46 46 283 44 56 56 331 69 62 62 246 27 95 95
new_pics/tommy_pics/1414787895195.png 315 234 45 45 266 67 47 47 300 48 49 49 350 70 57 57 307 215 71 71 261 27 88 88
new_pics/tommy_pics/1414787895403.png 357 88 44 44 332 233 44 44 582 236 41 41 322 48 51 51 382 78 49 49 395 49 56 56 284 30 89 89
new_pics/tommy_pics/1414787895619.png 341 236 45 45 337 52 49 49 387 79 52 52 299 28 93 93
new_pics/tommy_pics/1414787895811.png 341 236 45 45 400 81 49 49 586 238 42 42 340 53 48 48 305 32 82 82
new_pics/tommy_pics/1414787896019.png 324 234 46 46 307 68 46 46 396 77 50 50 333 50 53 53 373 72 71 71 296 32 93 93
new_pics/tommy_pics/1414787896243.png 293 228 44 44 543 227 43 43 372 69 54 54 280 27 87 87
new_pics/tommy_pics/1414787896403.png 272 224 46 46 302 39 52 52 441 121 43 43 371 70 45 45 262 20 94 94
new_pics/tommy_pics/1414787897219.png 327 2 45 45 57 2 42 42 361 89 41 41 355 244 48 48 22 10 46 46 332 42 50 50 151 147 100 100
new_pics/tommy_pics/1414787897411.png 293 5 46 46 305 46 47 47 319 250 46 46 337 5 47 47 326 92 45 45 106 145 111 111
new_pics/tommy_pics/1414787897598.png 278 4 46 46 300 247 48 48 304 227 53 53 286 46 51 51 206 78 63 63 99 151 97 97
new_pics/tommy_pics/1414787897779.png 279 2 44 44 323 3 43 43 55 162 45 45 299 243 48 48 284 44 48 48 310 90 43 43 95 140 106 106
new_pics/tommy_pics/1414787897971.png 240 58 44 44 306 233 46 46 317 83 42 42 293 34 49 49 103 131 102 102
new_pics/tommy_pics/1414787898163.png 296 35 48 48 322 80 41 41 314 228 49 49 568 111 47 47 66 150 48 48 292 213 81 81 102 125 114 114
new_pics/tommy_pics/1414787898435.png 312 0 41 41 338 85 43 43 75 53 43 43 234 84 43 43 336 232 48 48 261 58 48 48 5 68 45 45 312 37 54 54 313 37 69 69 327 211 86 86
new_pics/tommy_pics/1414787898651.png 324 3 45 45 358 245 48 48 352 94 44 44 285 77 40 40 430 1 45 45 136 140 108 108
new_pics/tommy_pics/1414787898835.png 329 6 46 46 299 4 43 43 370 248 47 47 348 62 47 47
new_pics/tommy_pics/1414787915547.png 586 135 41 41 67 41 43 43 561 80 43 43 591 49 46 46 483 55 47 47 528 273 78 78 12 40 52 52 36 7 52 52 474 67 50 50 543 59 69 69
new_pics/tommy_pics/1414787915667.png 495 60 56 56 47 12 44 44 66 41 47 47 552 282 77 77 553 57 73 73
new_pics/tommy_pics/1414787915827.png 586 277 49 49 82 48 42 42 93 79 45 45 510 56 55 55 584 304 55 55 528 40 61 61 27 108 64 64 568 61 69 69
new_pics/tommy_pics/1414787916003.png 84 10 42 42 111 67 44 44 527 66 51 51 532 52 62 62 558 30 59 59
new_pics/tommy_pics/1414787916131.png 545 58 48 48 121 37 43 43 97 10 49 49 87 6 78 78 533 27 89 89
new_pics/tommy_pics/1414787917227.png 168 232 44 44 134 285 80 80 38 73 44 44 88 76 46 46 346 90 47 47 9 93 40 40 170 126 46 46 555 64 48 48 372 54 49 49 52 28 57 57
new_pics/tommy_pics/1414787917395.png 54 34 52 52 366 53 47 47 29 72 48 48 120 285 81 81 82 76 47 47 158 234 44 44 343 90 49 49 375 258 41 41 561 105 44 44 170 123 41 41
new_pics/tommy_pics/1414787917547.png 104 286 82 82 148 231 46 46 336 92 47 47 25 74 47 47 78 78 45 45 201 77 45 45 360 53 46 46 319 84 46 46 160 129 47 47 45 33 54 54
new_pics/tommy_pics/1414787917699.png 86 287 81 81 146 125 43 43 147 167 40 40 135 234 42 42 15 71 46 46 324 90 46 46 34 29 52 52 350 52 45 45 56 76 64 64
new_pics/tommy_pics/1414787919219.png 363 291 52 52 137 90 48 48 164 52 47 47 55 49 44 44 363 107 44 44 97 58 59 59
new_pics/tommy_pics/1414787919395.png 65 269 45 45 336 295 52 52 584 21 45 45 152 52 44 44 120 92 50 50 344 108 43 43 175 1 47 47 70 258 62 62
new_pics/tommy_pics/1414787919947.png 12 261 49 49 561 17 43 43 97 87 46 46 281 296 48 48 123 47 46 46 13 163 49 49
new_pics/tommy_pics/1414787920147.png 74 79 48 48 101 41 46 46 240 293 48 48 295 97 41 41 529 15 86 86
new_pics/tommy_pics/1414787920315.png 88 38 46 46 60 78 46 46 576 89 41 41 214 292 50 50 275 55 47 47 517 114 71 71 516 18 86 86 185 289 86 86 294 127 124 124
new_pics/tommy_pics/1414787920491.png 59 46 44 44 30 78 49 49 531 53 41 41 152 297 56 56 499 34 45 45 500 17 45 45 495 169 45 45 483 15 92 92
new_pics/tommy_pics/1414787922443.png 240 271 43 43 417 49 47 47 303 56 55 55 376 54 67 67
new_pics/tommy_pics/1414787922651.png 303 270 45 45 418 55 64 64
new_pics/tommy_pics/1414787922835.png 370 269 46 46 310 26 43 43 389 45 46 46 501 40 52 52 458 48 69 69
new_pics/tommy_pics/1414787923011.png 405 270 45 45 503 64 45 45 551 85 44 44 524 39 48 48 417 44 48 48 440 30 59 59
new_pics/tommy_pics/1414787925781.png 185 263 44 44 122 39 46 46 307 70 43 43 362 76 42 42 150 226 44 44 439 25 45 45 145 93 42 42 321 22 45 45 329 36 48 48 237 27 50 50
new_pics/tommy_pics/1414787925939.png 89 98 44 44 118 272 44 44 92 235 41 41 13 99 50 50 252 76 44 44 304 75 50 50 566 84 47 47 446 147 43 43 267 27 45 45 74 44 42 42
new_pics/tommy_pics/1414787926099.png 79 278 42 42 57 242 41 41 409 150 47 47 232 34 52 52 348 28 52 52 277 83 41 41 533 86 47 47 54 103 47 47 96 71 50 50 218 79 46 46
new_pics/tommy_pics/1414787927483.png 125 285 42 42 81 37 94 94
new_pics/tommy_pics/1414787927699.png 105 10 45 45 121 284 43 43 129 50 48 48 570 64 46 46 451 12 92 92
new_pics/tommy_pics/1414787927923.png 89 4 43 43 546 66 48 48 108 279 49 49 121 46 42 42 175 55 44 44 588 50 47 47 443 9 88 88
new_pics/tommy_pics/1414787928155.png 81 278 43 43 86 224 43 43 80 72 43 43 91 41 43 43 148 52 41 41 59 0 83 83 38 29 86 86
new_pics/tommy_pics/1414787928411.png 33 1 44 44 111 41 43 43 44 285 44 44 65 75 44 44 53 42 46 46 463 53 40 40 596 82 42 42 49 227 44 44 113 56 41 41 485 72 62 62
new_pics/tommy_pics/1414787928643.png 16 295 46 46 317 289 41 41 30 42 48 48 569 80 44 44 527 86 63 63 458 72 62 62 201 3 101 101
new_pics/tommy_pics/1414787929067.png 333 267 40 40 560 60 46 46 17 38 45 45 16 291 45 45 76 49 41 41 18 224 47 47 532 82 47 47 521 76 45 45 450 54 59 59 519 61 65 65
new_pics/tommy_pics/1414787929387.png 71 294 47 47 114 42 42 42 60 32 46 46 64 219 41 41 410 257 41 41 484 41 57 57 558 48 62 62
new_pics/tommy_pics/1414787929595.png 131 299 58 58 97 36 44 44 347 214 45 45 483 259 41 41 559 21 53 53 529 33 65 65 34 20 89 89
new_pics/tommy_pics/1414787929819.png 539 264 43 43 185 302 56 56 190 43 43 43 520 59 44 44 115 27 51 51 574 42 48 48 562 45 47 47 564 43 62 62
new_pics/tommy_pics/1414787930027.png 557 273 43 43 200 306 60 60 203 40 41 41 389 222 43 43 152 63 43 43 134 26 49 49 577 45 60 60 90 21 86 86
new_pics/tommy_pics/1414787930259.png 217 329 63 63 575 298 44 44 396 240 44 44 208 51 40 40 146 38 46 46 584 66 51 51 130 10 70 70
new_pics/tommy_pics/1414787930476.png 188 60 41 41 565 86 43 43 310 423 42 42 129 48 43 43 574 318 44 44 202 352 76 76 557 84 62 62
new_pics/tommy_pics/1414787930659.png 586 122 43 43 96 75 41 41 553 316 46 46 88 40 46 46 168 363 82 82 150 57 40 40 517 49 91 91
new_pics/tommy_pics/1414787930843.png 406 276 40 40 542 60 45 45 543 311 45 45 64 36 44 44 123 51 41 41 570 94 55 55 148 362 87 87 503 68 62 62 47 8 72 72 496 43 88 88
new_pics/tommy_pics/1414787931795.png 20 1 41 41 172 1 43 43 138 20 49 49 147 100 47 47 262 7 43 43 242 76 42 42 49 183 42 42 261 110 45 45 361 66 51 51 555 35 60 60
new_pics/tommy_pics/1414787932011.png 216 60 42 42 187 12 45 45 439 284 43 43 193 92 47 47 293 67 43 43 575 72 48 48 14 132 53 53 306 147 53 53 259 52 57 57 372 230 115 115
new_pics/tommy_pics/1414787932203.png 248 13 44 44 0 87 41 41 377 148 44 44 255 95 47 47 272 56 47 47 78 140 44 44
new_pics/tommy_pics/1414787932371.png 398 4 41 41 528 294 46 46 278 19 44 44 143 146 41 41 146 89 41 41 21 88 48 48 284 97 45 45 400 152 52 52 186 172 55 55
new_pics/tommy_pics/1414787936411.png 261 282 48 48 43 68 41 41 50 36 43 43 175 150 41 41 112 45 42 42 568 70 52 52 7 33 49 49
new_pics/tommy_pics/1414788193451.png 453 261 47 47 113 345 61 61 74 273 89 89 339 131 86 86
new_pics/tommy_pics/1414788193651.png 459 264 46 46 109 352 65 65 75 279 87 87 340 134 94 94
new_pics/tommy_pics/1414788193844.png 481 267 48 48 115 361 63 63 84 280 91 91 370 129 88 88
new_pics/tommy_pics/1414788194403.png 590 268 46 46 168 371 67 67 467 133 50 50 159 278 100 100
new_pics/tommy_pics/1414788195779.png 154 283 52 52 50 124 95 95
new_pics/tommy_pics/1414788196459.png 233 259 54 54 116 118 92 92
new_pics/tommy_pics/1414788196676.png 238 262 55 55 233 291 40 40
new_pics/tommy_pics/1414788196891.png 229 268 57 57 100 105 90 90
new_pics/tommy_pics/1414788197107.png 217 282 58 58 89 117 86 86
new_pics/tommy_pics/1414788197347.png 207 297 59 59 65 134 101 101
new_pics/tommy_pics/1414788197539.png 201 302 62 62 94 162 44 44 70 137 95 95
new_pics/tommy_pics/1414788197739.png 192 291 66 66
new_pics/tommy_pics/1414788198132.png 187 276 67 67 31 112 90 90
new_pics/tommy_pics/1414788198363.png 205 290 69 69
new_pics/tommy_pics/1414788198547.png 250 310 72 72 229 345 55 55
new_pics/tommy_pics/1414788198747.png 285 314 74 74 101 144 78 78
new_pics/tommy_pics/1414788207499.png 390 226 63 63
new_pics/tommy_pics/1414788207763.png 409 236 66 66 153 235 86 86 291 237 132 132
new_pics/tommy_pics/1414788207971.png 405 240 61 61 160 245 62 62
new_pics/tommy_pics/1414788208171.png 383 238 58 58 144 243 49 49 279 241 107 107 367 227 112 112
new_pics/tommy_pics/1414788208372.png 350 229 64 64 570 238 55 55 104 222 63 63
new_pics/tommy_pics/1414788208587.png 327 222 62 62 88 214 59 59
new_pics/tommy_pics/1414788208803.png 277 218 61 61 574 256 49 49 536 229 47 47 539 232 95 95 12 196 95 95
new_pics/tommy_pics/1414788209011.png 229 227 61 61 524 256 52 52 493 234 45 45 229 165 59 59 457 232 55 55
new_pics/tommy_pics/1414788209235.png 477 254 50 50 182 233 63 63 451 239 90 90
new_pics/tommy_pics/1414788209467.png 434 250 53 53 144 239 58 58 49 237 106 106
new_pics/tommy_pics/1414788209667.png 390 232 41 41 125 233 66 66 417 250 54 54
new_pics/tommy_pics/1414788209883.png 94 222 61 61 380 245 51 51 264 228 44 44
new_pics/tommy_pics/1414788210083.png 71 209 56 56 352 239 52 52
new_pics/tommy_pics/1414788211731.png 147 243 60 60 428 255 55 55 427 236 50 50 57 263 95 95
new_pics/tommy_pics/1414788211987.png 404 262 52 52 123 241 61 61 358 130 52 52
new_pics/tommy_pics/1414788219739.png 197 240 45 45 128 244 49 49 453 240 47 47 228 138 81 81 195 223 93 93
new_pics/tommy_pics/1414788219939.png 183 266 46 46 116 268 52 52 185 250 69 69
new_pics/tommy_pics/1414788220155.png 171 274 47 47 374 172 43 43 105 275 54 54 172 258 90 90
new_pics/tommy_pics/1414788220355.png 95 262 52 52 166 262 43 43 70 244 88 88 180 161 93 93
new_pics/tommy_pics/1414788220563.png 91 259 55 55 160 256 46 46 356 152 43 43 173 155 94 94
new_pics/tommy_pics/1414788220755.png 89 262 56 56 156 250 51 51 85 238 62 62 393 253 60 60 166 151 94 94
new_pics/tommy_pics/1414788220979.png 104 258 55 55 171 247 52 52 104 251 84 84 175 141 97 97
new_pics/tommy_pics/1414788221211.png 386 268 40 40 145 259 63 63 392 144 43 43 207 246 65 65 188 232 58 58 210 146 91 91
new_pics/tommy_pics/1414788221411.png 236 253 69 69 178 266 67 67 238 160 92 92
new_pics/tommy_pics/1414788221619.png 593 133 43 43 286 278 65 65 290 260 47 47 533 282 45 45 194 162 62 62 329 268 77 77 303 168 101 101
new_pics/tommy_pics/1414788221771.png 382 281 46 46 309 287 65 65 379 270 78 78 341 169 95 95 318 255 111 111
new_pics/tommy_pics/1414788222899.png 194 296 50 50 121 278 43 43 241 234 55 55 220 229 72 72 217 229 91 91
new_pics/tommy_pics/1414788223083.png 178 272 52 52 475 47 41 41 500 225 46 46 243 214 45 45 471 224 46 46 454 221 63 63 221 212 82 82
new_pics/tommy_pics/1414788223283.png 491 222 45 45 93 250 45 45 167 268 52 52 451 216 60 60 210 204 87 87 146 201 167 167
new_pics/tommy_pics/1414788225619.png 495 225 46 46 418 218 42 42 234 208 92 92 259 129 93 93 343 228 96 96 242 213 128 128
new_pics/tommy_pics/1414788225811.png 307 265 78 78 193 226 85 85 211 142 102 102 168 218 150 150
new_pics/tommy_pics/1414788225955.png 283 274 83 83 171 234 88 88 176 137 116 116
new_pics/tommy_pics/1414788624731.png 106 247 68 68 577 281 55 55 419 212 100 100
new_pics/tommy_pics/1414788626419.png 156 273 54 54
new_pics/tommy_pics/1414788626651.png 158 273 57 57 178 299 43 43
new_pics/tommy_pics/1414788626867.png 167 274 57 57 72 330 115 115
new_pics/tommy_pics/1414788627227.png 172 271 59 59 158 290 168 168
new_pics/tommy_pics/1414788627451.png 182 276 62 62 174 285 172 172
new_pics/tommy_pics/1414788628204.png 235 293 127 127 198 237 44 44 72 280 95 95
new_pics/tommy_pics/1414788628403.png 110 297 126 126 100 240 45 45 139 126 59 59 103 104 76 76 83 355 101 101 301 282 185 185
new_pics/tommy_pics/1414788628587.png 41 308 119 119 142 209 41 41 595 292 44 44 257 214 44 44 44 247 46 46 453 96 101 101 74 191 90 90 20 382 89 89 216 95 101 101 199 285 184 184
new_pics/tommy_pics/1414788628956.png 464 288 89 89 13 216 40 40 360 110 82 82
new_pics/tommy_pics/1414788629155.png 276 275 80 80 194 96 86 86 62 215 91 91 422 375 88 88 267 210 173 173
new_pics/tommy_pics/1414788631676.png 244 274 99 99 20 206 55 55 58 124 86 86 168 334 90 90 9 279 178 178 277 282 190 190
new_pics/tommy_pics/1414788631843.png 306 310 100 100 64 215 71 71 313 281 181 181
new_pics/tommy_pics/1414788632740.png 54 247 42 42 310 303 112 112 127 149 95 95 103 290 126 126
new_pics/tommy_pics/1414788637099.png
new_pics/tommy_pics/1414788637291.png 539 283 45 45
new_pics/tommy_pics/1414788665844.png 422 240 41 41 599 254 42 42 28 304 152 152
new_pics/tommy_pics/1414788666579.png 444 243 42 42 57 288 163 163
new_pics/tommy_pics/1414788667883.png 115 244 44 44 64 73 91 91 33 263 202 202
new_pics/tommy_pics/1414788670243.png 22 9 67 67 15 5 108 108
new_pics/tommy_pics/1414788670507.png 32 7 63 63
new_pics/tommy_pics/1414788670731.png 39 8 63 63 30 10 104 104
new_pics/tommy_pics/1414788671052.png 51 10 61 61 361 5 53 53 42 13 107 107
new_pics/tommy_pics/1414788671459.png 62 12 61 61 377 306 145 145
new_pics/tommy_pics/1414788678931.png 518 255 42 42 429 77 101 101 76 315 124 124
new_pics/tommy_pics/1414788757900.png
new_pics/tommy_pics/1414788758108.png 431 233 48 48
new_pics/tommy_pics/1414788758324.png 431 233 48 48
new_pics/tommy_pics/1414788758508.png
new_pics/tommy_pics/1414788758908.png 472 235 44 44 542 225 81 81
new_pics/tommy_pics/1414788759124.png
new_pics/tommy_pics/1414788815548.png 292 297 60 60 346 121 50 50
new_pics/tommy_pics/1414788815708.png 292 297 60 60 346 121 50 50
new_pics/tommy_pics/1414788815868.png 457 314 77 77
new_pics/tommy_pics/1414788819140.png 299 274 47 47 12 161 45 45 6 142 53 53
new_pics/tommy_pics/1414788819366.png 1 164 43 43 346 298 55 55
new_pics/tommy_pics/1414788819580.png 1 164 43 43 346 298 55 55
new_pics/tommy_pics/1414788821412.png 161 10 48 48 271 277 48 48 427 153 61 61
new_pics/tommy_pics/1414788828612.png 470 6 47 47 578 74 52 52 100 219 95 95
new_pics/tommy_pics/1414788828924.png 453 7 46 46 565 74 47 47 580 117 52 52
new_pics/tommy_pics/1414788829176.png 453 7 46 46 565 74 47 47 580 117 52 52
new_pics/tommy_pics/1414788830148.png 326 276 44 44 276 138 76 76 172 112 104 104 137 107 135 135
new_pics/tommy_pics/1414788830372.png 293 282 48 48 187 122 87 87 260 138 86 86
new_pics/tommy_pics/1414788831020.png 283 294 57 57 232 124 81 81 198 131 108 108 28 114 128 128 242 189 162 162
new_pics/tommy_pics/1414788831500.png 98 2 44 44 161 437 41 41 279 297 53 53 236 137 78 78 106 110 139 139
new_pics/tommy_pics/1414788832656.png 264 291 52 52 354 126 102 102
new_pics/tommy_pics/1414788832860.png 264 291 52 52 354 126 102 102
new_pics/tommy_pics/1414788833036.png 440 0 46 46 268 302 54 54 287 218 98 98 335 119 111 111
new_pics/tommy_pics/1414788835276.png 0 198 40 40 219 240 44 44 415 88 45 45 72 142 83 83 383 76 95 95
new_pics/tommy_pics/1414788835500.png 187 243 44 44 381 224 99 99
new_pics/tommy_pics/1414788835708.png 171 247 44 44 392 227 111 111
new_pics/tommy_pics/1414788835924.png 171 247 44 44 392 227 111 111
new_pics/tommy_pics/1414788836332.png 385 242 44 44 186 250 45 45 407 222 96 96 397 218 141 141
new_pics/tommy_pics/1414788836540.png 186 250 45 45 385 242 44 44 407 222 96 96 397 218 141 141
new_pics/tommy_pics/1414788837884.png 101 253 45 45
new_pics/tommy_pics/1414788838124.png 101 253 45 45
new_pics/tommy_pics/1414788838356.png 127 246 46 46 398 184 48 48
new_pics/tommy_pics/1414788838588.png 125 247 44 44 175 74 65 65 406 218 118 118
new_pics/tommy_pics/1414788839836.png 13 244 44 44 474 256 64 64 317 195 47 47 164 88 148 148
new_pics/tommy_pics/1414788841692.png 256 257 83 83 232 55 85 85 464 208 135 135
new_pics/tommy_pics/1414788841836.png 397 285 98 98
new_pics/tommy_pics/1414788854868.png 441 269 55 55
new_pics/tommy_pics/1414788855804.png 262 258 55 55 491 240 49 49
new_pics/tommy_pics/1414788856020.png 238 262 52 52 462 245 50 50
new_pics/tommy_pics/1414788856228.png 212 264 53 53 436 247 48 48 417 242 104 104
new_pics/tommy_pics/1414788856668.png 172 261 53 53 392 243 49 49 579 235 41 41
new_pics/tommy_pics/1414788856884.png 172 261 53 53 579 235 41 41 392 243 49 49
new_pics/tommy_pics/1414788857692.png 105 260 49 49 498 235 40 40 312 243 47 47
new_pics/tommy_pics/1414788857876.png 95 255 52 52 301 240 47 47 486 233 42 42
new_pics/tommy_pics/1414788910300.png 557 185 47 47 568 262 43 43 557 271 57 57 540 126 80 80
new_pics/tommy_pics/1414788912644.png 321 223 59 59 457 275 43 43 456 217 42 42 455 248 44 44 576 191 45 45 319 316 76 76
