/Users/cyrusanderson/Team_Avatar/labeled_.vec
pics/1404934388167.png 50 221 103 103
pics/1404934414191.png 400 233 44 44 349 210 54 54 330 189 93 93
pics/1404934514327.png 295 251 47 47 513 198 40 40
pics/1404934518527.png 350 272 84 84
pics/1404934536463.png 127 231 46 46 109 228 92 92
pics/1404934625679.png 382 236 103 103
pics/1404934628815.png
pics/1404934635991.png
pics/1404934639463.png 201 235 50 50 246 236 46 46 29 226 50 50
pics/1404934643015.png 13 220 51 51 562 149 45 45 5 226 71 71 422 225 86 86
pics/1404934655343.png
pics/1404934663863.png 7 158 44 44
pics/1404934691791.png 128 258 44 44
pics/1404934697527.png 150 228 44 44
pics/1404934703887.png 452 251 53 53 65 209 56 56 176 222 44 44 52 205 114 114
pics/1404934706671.png 86 253 70 70
pics/1404934716679.png
pics/1404934917167.png
pics/1404934921904.png 191 149 92 92
pics/1404934926920.png
pics/1404934935456.png
pics/1404934939176.png
pics/1404934954384.png
pics/1404934959264.png
pics/1404934962775.png 178 236 91 91
pics/1404934967496.png
pics/1404934972056.png
pics/1404934975472.png 501 240 45 45 6 215 86 86
pics/1404934981968.png 130 243 43 43 422 254 46 46 406 293 53 53 314 217 87 87
pics/1404934989928.png 441 259 42 42
pics/1404934992888.png 90 246 42 42 406 260 48 48 259 216 99 99
pics/1404934995599.png 163 260 49 49 9 219 80 80
pics/1404934998528.png 164 262 49 49
pics/1404935001048.png 74 249 62 62 543 182 53 53 522 231 80 80
pics/1404935003799.png 233 277 41 41
pics/1404935007279.png 280 284 49 49 408 259 41 41 570 354 40 40 546 156 83 83
pics/1404935010031.png 558 264 42 42 464 298 56 56
pics/1404935012599.png 353 303 65 65 413 263 48 48 348 279 104 104
pics/1404935015615.png 500 259 45 45 539 169 48 48 491 311 82 82
pics/1404935128216.png
pics/1404935135024.png
pics/1404935144783.png 532 303 41 41 80 336 59 59
pics/1404935150623.png
pics/1404935167776.png 281 286 43 43
pics/1404935171488.png 514 383 73 73
pics/1404935174751.png 125 247 44 44 430 248 41 41
pics/1404935177959.png 334 271 52 52
pics/1404935180480.png 196 260 43 43 195 243 61 61
pics/1404935184807.png 299 255 44 44
pics/1404935188624.png 345 266 49 49
pics/1404935191928.png 510 284 63 63 401 177 48 48
pics/1404935329152.png
pics/1404935365960.png
pics/1404935372168.png 64 293 44 44
pics/1404935900353.png
pics/1404935920184.png 582 251 56 56 24 209 95 95
pics/1404935942065.png 347 211 44 44
pics/1404935950641.png
pics/1404936152084.png 491 210 50 50 393 177 92 92 441 197 104 104
pics/1404936330740.png
pics/1404936344412.png
pics/1404936352356.png 553 167 45 45 521 259 87 87
pics/1404936355580.png 596 267 44 44 88 158 44 44 199 272 113 113
pics/1404936378148.png 277 226 45 45 22 244 64 64
pics/1404936381884.png 505 265 102 102 6 197 65 65
pics/1404936385316.png
pics/1404936388955.png 520 149 50 50
pics/1413757143224.png
pics/1413757422256.png 353 229 47 47
pics/1413757434368.png 365 229 41 41 402 233 59 59 132 221 65 65
pics/1413757448464.png 386 238 48 48 384 195 43 43 469 231 50 50 236 280 178 178
pics/1413757499128.png 493 227 50 50 471 174 86 86 263 361 104 104
pics/1413757503488.png 305 203 68 68 304 287 84 84 251 220 95 95 354 230 93 93 469 332 117 117
pics/1413757548136.png 91 238 43 43 359 244 43 43
pics/1413757558920.png 500 251 49 49 502 293 48 48
pics/1413757567976.png 123 273 71 71 404 200 41 41 352 223 41 41 368 188 45 45 416 256 45 45
pics/1413757570688.png 201 292 103 103 219 426 49 49 200 411 45 45
pics/1413757580009.png 174 287 47 47 182 248 54 54
pics/1413757582680.png 193 243 50 50 231 306 49 49 595 198 45 45
pics/1413757585488.png 291 325 58 58
pics/1413757586816.png 353 344 65 65
pics/1413757600672.png 441 296 48 48 417 223 86 86 158 246 96 96
pics/1413757602288.png 600 300 42 42
pics/1413757605689.png 130 311 49 49 238 266 95 95 301 263 116 116
pics/1413757608592.png 223 344 67 67
pics/1413757614184.png 537 235 47 47 469 288 43 43 471 317 41 41 343 239 45 45
pics/1413757624144.png 386 277 43 43 521 243 44 44
pics/1413757630016.png 199 271 43 43 341 231 45 45 72 263 107 107
pics/1413757636336.png 323 312 53 53 409 239 48 48 287 225 44 44 359 256 47 47 313 228 61 61
pics/1413757638616.png 528 243 44 44 459 341 65 65 332 228 45 45 301 228 47 47 419 217 93 93 48 274 123 123
pics/1413757643824.png 314 235 45 45 408 286 43 43 337 223 51 51 314 220 88 88
pics/1413757648752.png 122 270 48 48 151 190 52 52 129 209 43 43 568 214 45 45 119 182 104 104 428 244 131 131
pics/1404934388167.png 50 221 103 103
pics/1404934414191.png 400 233 44 44 349 210 54 54 330 189 93 93
pics/1404934420359.png 395 279 94 94
pics/1404934500207.png 519 232 41 41
pics/1404934505463.png 293 237 41 41
pics/1404934510799.png 148 238 56 56 544 250 44 44
pics/1404934514327.png 295 251 47 47 513 198 40 40
pics/1404934518527.png 350 272 84 84
pics/1404934536463.png 127 231 46 46 109 228 92 92
pics/1404934619951.png
pics/1404934625679.png 382 236 103 103
pics/1404934635991.png
pics/1404934639463.png 201 235 50 50 246 236 46 46 29 226 50 50
pics/1404934655343.png
pics/1404934663863.png 7 158 44 44
pics/1404934691791.png 128 258 44 44
pics/1404934697527.png 150 228 44 44
pics/1404934703887.png 452 251 53 53 65 209 56 56 176 222 44 44 52 205 114 114
pics/1404934706671.png 86 253 70 70
pics/1404934716679.png
pics/1404934917167.png
pics/1404934921904.png 191 149 92 92
pics/1404934926920.png
pics/1404934935456.png
pics/1404934939176.png
pics/1404934954384.png
pics/1404934959264.png
pics/1404934962775.png 178 236 91 91
pics/1404934967496.png
pics/1404934972056.png
pics/1404934975472.png 501 240 45 45 6 215 86 86
pics/1404934981968.png 130 243 43 43 422 254 46 46 406 293 53 53 314 217 87 87
pics/1404934989928.png 441 259 42 42
pics/1404934992888.png 90 246 42 42 406 260 48 48 259 216 99 99
pics/1404934995599.png 163 260 49 49 9 219 80 80
pics/1404934998528.png 164 262 49 49
pics/1404935001048.png 74 249 62 62 543 182 53 53 522 231 80 80
pics/1404935003799.png 233 277 41 41
pics/1404935007279.png 280 284 49 49 408 259 41 41 570 354 40 40 546 156 83 83
pics/1404935010031.png 558 264 42 42 464 298 56 56
pics/1404935012599.png 353 303 65 65 413 263 48 48 348 279 104 104
pics/1404935015615.png 500 259 45 45 539 169 48 48 491 311 82 82
pics/1404935128216.png
pics/1404935135024.png
pics/1404935144783.png 80 336 59 59 532 303 41 41
pics/1404935150623.png
pics/1404935167776.png 281 286 43 43
pics/1404935171488.png 514 383 73 73
pics/1404935174751.png 125 247 44 44 430 248 41 41
pics/1404935177959.png 334 271 52 52
pics/1404935180480.png 196 260 43 43 195 243 61 61
pics/1404935184807.png 299 255 44 44
pics/1404935188624.png 345 266 49 49
pics/1404935191928.png 510 284 63 63 401 177 48 48
pics/1404935318424.png 145 239 97 97
pics/1404935329152.png
pics/1404935365960.png
pics/1404935372168.png 64 293 44 44
pics/1404935893617.png
pics/1404935900353.png
pics/1404935920184.png 582 251 56 56 24 209 95 95
pics/1404935942065.png 347 211 44 44
pics/1404935950641.png
pics/1404936152084.png 491 210 50 50 393 177 92 92 441 197 104 104
pics/1404936330740.png
pics/1404936344412.png
pics/1404936352356.png 553 167 45 45 521 259 87 87
pics/1404936355580.png 596 267 44 44 88 158 44 44 199 272 113 113
pics/1404936378148.png 277 226 45 45 22 244 64 64
pics/1404936381884.png 505 265 102 102 6 197 65 65
pics/1404936385316.png
pics/1404936388955.png 520 149 50 50
pics/1413757143224.png
pics/1413757422256.png 353 229 47 47
pics/1413757434368.png 365 229 41 41 402 233 59 59 132 221 65 65
pics/1413757448464.png 386 238 48 48 384 195 43 43 469 231 50 50 236 280 178 178
pics/1413757499128.png 493 227 50 50 471 174 86 86 263 361 104 104
pics/1413757503488.png 305 203 68 68 304 287 84 84 251 220 95 95 354 230 93 93 469 332 117 117
pics/1413757523384.png 485 242 47 47 168 227 66 66 473 225 68 68 448 212 104 104
pics/1413757527280.png
pics/1413757528648.png 457 230 106 106
pics/1413757529456.png 477 233 60 60
pics/1413757548136.png 91 238 43 43 359 244 43 43
pics/1413757558920.png 500 251 49 49 502 293 48 48
pics/1413757567976.png 404 200 41 41 123 273 71 71 352 223 41 41 368 188 45 45 416 256 45 45
pics/1413757570688.png 201 292 103 103 219 426 49 49 200 411 45 45
pics/1413757580009.png 174 287 47 47 182 248 54 54
pics/1413757582680.png 193 243 50 50 231 306 49 49 595 198 45 45
pics/1413757585488.png 291 325 58 58
pics/1413757586816.png 353 344 65 65
pics/1413757600672.png 441 296 48 48 417 223 86 86 158 246 96 96
pics/1413757602288.png 600 300 42 42
pics/1413757605689.png 130 311 49 49 238 266 95 95 301 263 116 116
pics/1413757608592.png 223 344 67 67
pics/1413757614184.png 537 235 47 47 469 288 43 43 471 317 41 41 343 239 45 45
pics/1413757624144.png 386 277 43 43 521 243 44 44
pics/1413757630016.png 199 271 43 43 341 231 45 45 72 263 107 107
pics/1413757636336.png 323 312 53 53 409 239 48 48 287 225 44 44 359 256 47 47 313 228 61 61
pics/1413757638616.png 459 341 65 65 528 243 44 44 332 228 45 45 301 228 47 47 419 217 93 93 48 274 123 123
pics/1413757643824.png 314 235 45 45 408 286 43 43 337 223 51 51 314 220 88 88
pics/1413757648752.png 122 270 48 48 129 209 43 43 151 190 52 52 568 214 45 45 119 182 104 104 428 244 131 131
pics/1413757655320.png 518 332 50 50 531 266 42 42 41 227 41 41 455 233 78 78 181 296 164 164
pics/1413757659320.png 230 314 49 49 192 285 95 95
pics/1413757667104.png 176 314 49 49 202 252 53 53
pics/1413757712584.png 528 227 69 69
pics/1413757757665.png 280 220 59 59 490 234 46 46 490 196 40 40 228 383 48 48 498 271 41 41 301 305 53 53 195 396 47 47 359 231 81 81 428 230 95 95
pics/1404934505463.png 293 237 41 41
pics/1404934510799.png 148 238 56 56 544 250 44 44
pics/1414197383368.png 488 356 95 95 111 275 41 41
pics/1414197384607.png 151 283 42 42 478 225 42 42 285 248 55 55
pics/1414197384991.png 163 280 44 44 547 234 44 44
pics/1414197385375.png 178 290 46 46 546 230 45 45 156 225 207 207
pics/1414197385847.png 198 293 48 48 172 241 108 108
pics/1414197386351.png 220 303 47 47 551 233 44 44 596 200 44 44 186 243 51 51
pics/1414197386984.png 253 312 51 51 598 197 41 41 552 235 46 46 179 246 76 76
pics/1414197387399.png 276 321 58 58 553 232 46 46 173 242 89 89
pics/1414197387775.png 307 329 60 60
pics/1414197388207.png 556 235 44 44 342 342 64 64
pics/1414197388615.png 384 351 72 72 559 235 47 47
pics/1414197389249.png 562 235 42 42 483 378 75 75 265 259 41 41
pics/1414197389807.png 560 237 49 49 579 405 55 55 279 267 41 41
pics/1414197390207.png 566 234 44 44 294 259 46 46 160 242 107 107
pics/1414197390567.png 306 264 44 44 561 236 48 48 161 244 100 100
pics/1414197390927.png 568 237 43 43 320 271 43 43
pics/1414197391279.png 339 273 42 42
pics/1414197391639.png 375 272 44 44 535 219 51 51
pics/1414197392007.png 392 280 43 43 571 240 41 41 531 217 66 66 193 247 87 87
pics/1414197392343.png 402 286 43 43 578 243 45 45 530 233 62 62 174 248 96 96
pics/1414197392711.png 363 286 46 46 129 248 96 96
pics/1414197392991.png 384 286 45 45 382 213 40 40 309 223 47 47 532 237 54 54
pics/1414197393376.png 509 230 49 49 556 225 44 44 429 280 45 45 518 175 46 46 329 216 48 48
pics/1414197393791.png 386 291 46 46 444 222 76 76
pics/1414197394647.png 468 284 46 46 468 218 53 53 189 237 114 114
pics/1414197396007.png 39 279 44 44 5 217 48 48 507 224 91 91 154 249 92 92
pics/1414197396583.png 293 247 46 46 96 289 44 44 480 246 44 44 41 221 54 54 559 217 78 78 294 250 95 95
pics/1414197397081.png 505 256 43 43 32 232 51 51 118 304 47 47 298 257 103 103
pics/1414197397535.png 157 315 49 49 74 229 51 51 323 262 102 102
pics/1414197397927.png 187 312 51 51 499 208 47 47 370 252 65 65
pics/1414197398239.png 192 332 59 59 267 231 43 43
pics/1414197398567.png 574 258 42 42 206 338 57 57
pics/1414197398807.png 206 341 66 66 569 258 45 45 258 227 44 44 62 222 57 57
pics/1414197399143.png 424 273 42 42 257 366 71 71
pics/1414197399631.png 307 372 76 76 453 266 43 43 73 205 84 84 340 267 114 114
pics/1414197400207.png 449 279 42 42 385 437 42 42 59 232 53 53 45 223 81 81
pics/1414197401575.png 572 231 51 51 467 277 46 46 587 190 43 43
pics/1414197401911.png 474 280 44 44 558 226 43 43 537 237 83 83
pics/1414197402231.png 467 289 43 43 567 255 59 59
pics/1414197402575.png 472 284 44 44 339 235 44 44 533 230 43 43
pics/1414197402871.png 359 205 46 46 469 278 45 45 315 226 43 43 355 225 41 41
pics/1414197403368.png 482 286 45 45 529 238 51 51 346 207 46 46 511 185 48 48 524 232 92 92
pics/1414197404871.png 364 230 42 42 493 294 48 48 549 264 43 43 447 239 49 49 520 245 48 48 87 265 131 131
pics/1414197405239.png 348 235 46 46 435 239 48 48 509 304 47 47 405 226 46 46 87 290 104 104
pics/1414197405567.png 539 302 47 47 354 236 46 46 364 195 41 41 439 237 53 53
pics/1414197405944.png 505 238 43 43 559 303 50 50 341 232 50 50 401 219 48 48 429 232 53 53
pics/1414197406279.png 334 236 44 44 571 309 51 51
pics/1414197407847.png 313 227 40 40 444 236 51 51 313 226 59 59
pics/1414197408207.png 314 232 45 45 443 239 48 48
pics/1414197408575.png 305 233 42 42
pics/1414197408887.png 307 230 44 44 154 227 43 43
pics/1414197409087.png 304 223 54 54 439 214 112 112
pics/1414197409927.png 328 332 44 44 326 290 49 49 305 232 53 53 329 282 73 73 299 288 116 116 36 282 184 184
pics/1414197410215.png 304 296 52 52 308 342 46 46
pics/1414197410511.png 291 352 47 47 287 303 55 55
pics/1414197410767.png 300 358 45 45 295 309 56 56
pics/1414197410986.png 276 313 66 66 291 372 47 47
pics/1414197411199.png 261 311 69 69 263 368 63 63 57 281 167 167
pics/1414197411391.png 275 374 45 45 256 309 72 72
pics/1414197412031.png 472 196 44 44 204 276 45 45 301 232 50 50 373 246 47 47 423 168 62 62 60 279 116 116
pics/1414197412360.png 208 274 45 45 300 226 48 48 332 229 45 45 370 187 46 46 522 239 50 50 228 221 48 48 418 170 59 59 530 231 84 84
pics/1414197412735.png 228 278 45 45 433 178 50 50 336 228 45 45 308 227 46 46 418 237 63 63 31 261 164 164
pics/1414197413031.png 415 236 47 47 228 283 46 46 419 177 57 57 325 230 55 55 306 222 86 86
pics/1414197413335.png 247 288 47 47 334 232 55 55 302 233 47 47 421 237 51 51 56 274 118 118
pics/1414197413607.png 268 324 41 41 256 289 47 47 336 229 43 43 305 224 45 45 433 179 50 50 419 233 54 54 46 271 114 114
pics/1414197416696.png 333 189 43 43 469 342 63 63 294 228 52 52 333 230 56 56 46 266 128 128 396 177 176 176
pics/1414197417169.png 323 229 53 53 537 359 67 67 29 265 91 91 388 172 190 190
pics/1414197417447.png 581 370 53 53 580 394 44 44 168 230 41 41 320 189 45 45 316 231 50 50 62 274 83 83 385 181 178 178
pics/1414197418200.png 418 278 42 42 302 230 52 52 321 220 69 69 39 297 155 155
pics/1414197418471.png 414 280 43 43 322 222 66 66
pics/1414197419207.png 335 232 50 50 359 286 44 44 20 261 148 148 432 203 147 147 377 176 184 184
pics/1414197419641.png 389 289 44 44 336 230 50 50 51 271 121 121
pics/1414197420415.png 308 291 48 48
pics/1414197420711.png 122 270 48 48 129 209 43 43 151 190 52 52 568 214 45 45 119 182 104 104 428 244 131 131
pics/1414197427151.png 473 302 50 50 80 252 148 148 438 208 189 189
pics/1414197435175.png 285 294 56 56
pics/1414197437871.png 362 281 44 44 257 218 43 43 365 224 57 57
pics/1414197441288.png 560 338 64 64 202 238 44 44
pics/1414197442919.png
pics/1414197443519.png
pics/1414197443847.png
pics/1414197445703.png
pics/1414197446559.png 403 359 72 72 31 269 40 40
pics/1414197457839.png 314 307 44 44
pics/1414197462591.png 101 397 45 45
pics/1414197466071.png 415 292 44 44
pics/1414197467919.png 356 200 51 51
pics/1414197475375.png
pics/1414197476583.png 524 365 58 58 167 278 47 47
pics/1414197477257.png 256 347 75 75
pics/1414197477967.png 131 357 69 69 106 360 106 106
pics/1414197478511.png 273 356 71 71
pics/1414197479703.png 424 291 41 41
pics/1414197480583.png
pics/1413757655320.png 518 332 50 50 531 266 42 42 41 227 41 41 455 233 78 78 181 296 164 164
pics/1413757659320.png 230 314 49 49 192 285 95 95
pics/1413757667104.png 176 314 49 49 202 252 53 53
pics/1413757712584.png 528 227 69 69
pics/1414197382703.png 528 256 43 43 313 332 98 98 512 191 54 54
pics/1414197382991.png 391 339 97 97 83 261 41 41 132 234 95 95
pics/1414197496767.png 104 296 48 48 81 273 98 98
pics/1414197497447.png
pics/1414197498543.png
pics/1414197500151.png 201 307 48 48
pics/1414197500503.png 184 285 46 46
pics/1414197500919.png 133 292 48 48 269 248 47 47
pics/1414197501351.png 145 282 47 47
pics/1414197502015.png 348 308 46 46
pics/1414197502439.png 528 306 45 45
pics/1414197502919.png
pics/1414197510295.png 446 272 44 44
pics/1414197510855.png 475 233 42 42 408 276 43 43
pics/1414197511311.png 369 270 41 41
pics/1414197511895.png 301 260 43 43 360 205 44 44
pics/1414197512343.png
pics/1414197512767.png
pics/1414197513271.png 542 243 44 44 339 266 43 43
pics/1414197513799.png
pics/1414197516775.png 496 259 44 44 545 179 54 54
pics/1414197517252.png 587 231 40 40 412 254 43 43 584 303 45 45 482 214 53 53
pics/1414197517799.png 362 253 44 44 498 301 46 46 455 219 47 47 462 173 59 59
pics/1414197518207.png 472 302 45 45 466 227 50 50
pics/1414197518671.png 446 296 45 45 342 210 46 46
pics/1414197519144.png 412 289 44 44 350 205 44 44
pics/1414197519599.png 333 183 40 40 358 209 41 41 385 285 44 44 70 224 57 57
pics/1414197520103.png 371 213 41 41 501 226 47 47 96 231 53 53
pics/1414197520551.png 387 210 43 43 505 221 65 65
pics/1414197520983.png 525 227 45 45 112 225 63 63
pics/1414197521408.png
pics/1414197521807.png 495 231 88 88
pics/1414197522295.png 166 230 43 43 580 268 44 44 495 220 70 70
pics/1414197522759.png 375 204 43 43 484 220 87 87
pics/1414197523191.png 492 219 74 74
pics/1414197523599.png 338 223 44 44 5 223 57 57
pics/1414197524032.png 521 226 81 81
pics/1414197524455.png 511 268 43 43 531 226 47 47
pics/1414197524799.png 463 261 43 43 520 382 50 50 504 220 48 48
pics/1414197526599.png 510 293 42 42 339 233 50 50 273 212 89 89
pics/1414197526983.png 527 297 44 44 483 236 45 45
pics/1414197533279.png 478 351 100 100 331 270 41 41
pics/1414197533863.png 374 324 101 101 549 235 48 48 417 404 53 53
pics/1414197534511.png 279 296 97 97 314 367 49 49 570 272 51 51 339 220 44 44 590 194 47 47
pics/1414197535103.png 535 277 52 52 240 294 81 81 268 354 44 44 242 389 44 44 470 225 81 81
pics/1414197535599.png 220 338 43 43 499 269 50 50 197 282 78 78 474 221 70 70
pics/1414197536151.png 480 188 44 44 396 256 51 51 106 265 66 66 509 233 52 52 423 211 107 107
pics/1414197536654.png 524 232 52 52 65 261 59 59 342 254 51 51 385 214 94 94 515 208 102 102
pics/1414197538415.png 507 243 49 49 20 251 47 47 245 249 45 45 373 218 57 57 435 222 95 95
pics/1414197538887.png 35 248 46 46 248 249 45 45 510 255 41 41 387 221 88 88
pics/1414197539319.png 31 247 45 45 234 249 47 47 485 251 45 45 390 225 102 102
pics/1414197539711.png 22 245 45 45 464 239 53 53 220 246 42 42 513 231 51 51
pics/1414197540143.png 507 239 48 48 10 242 45 45 195 243 43 43 437 248 41 41 422 242 79 79 376 220 84 84
pics/1414197540536.png 0 240 41 41 172 243 43 43 408 246 43 43 489 235 54 54 368 227 63 63 353 216 107 107
pics/1414197540927.png 380 240 41 41 352 216 47 47 148 241 44 44 475 232 50 50
pics/1414197541327.png 349 237 46 46 132 239 41 41 335 213 77 77
pics/1414197554503.png 345 225 62 62 332 146 44 44 538 246 45 45 540 231 41 41 374 317 48 48 347 412 44 44 543 277 44 44 361 333 46 46 119 379 52 52 536 203 47 47
pics/1414197555039.png 299 218 62 62 505 221 48 48 321 307 50 50 517 330 60 60 507 351 86 86 499 268 97 97
pics/1414197555519.png 256 226 58 58 278 300 48 48 473 222 45 45 237 413 50 50 260 340 49 49 476 315 45 45 357 230 88 88
pics/1414197556015.png 246 221 58 58 464 203 46 46 464 242 43 43 265 292 51 51 365 222 107 107 480 328 124 124
pics/1414197556487.png 230 228 49 49 445 219 44 44 241 285 50 50 403 258 45 45
pics/1414197556895.png 231 222 52 52 444 230 48 48 450 206 46 46 245 279 48 48 518 325 101 101
pics/1414197557343.png 264 228 45 45 473 248 43 43 270 284 50 50 503 244 50 50
pics/1414197557783.png 283 225 47 47 535 244 44 44 290 274 44 44
pics/1414197558247.png 287 275 41 41 275 218 47 47 484 230 47 47 478 265 44 44 501 265 52 52
pics/1414197558687.png 222 214 47 47 428 229 42 42 428 204 43 43 233 261 45 45
pics/1414197559135.png 178 222 45 45 175 193 43 43 181 251 47 47 377 225 44 44 445 256 53 53
pics/1414197559559.png 316 228 41 41 120 227 47 47 538 351 50 50 407 262 50 50 94 196 90 90 469 319 148 148
pics/1414197559935.png 360 248 47 47 153 388 48 48
pics/1414197560263.png 91 226 43 43 77 216 62 62
pics/1414197560607.png 75 215 43 43
pics/1414197560951.png 66 198 43 43 68 225 43 43 246 225 43 43 52 197 81 81
pics/1414197561311.png 65 214 48 48 69 251 42 42 120 386 48 48 250 249 45 45 371 243 61 61
pics/1414197561679.png 73 222 45 45 220 224 44 44 75 249 44 44
pics/1414197562023.png 305 188 41 41 77 223 45 45 221 365 44 44
pics/1414197562606.png 70 209 62 62 369 220 124 124
pics/1414197562967.png 76 211 51 51 57 208 90 90
pics/1414197563399.png 76 208 52 52 55 206 89 89
pics/1414197563919.png 83 246 45 45 84 217 41 41 50 216 58 58 65 200 81 81
pics/1414197564423.png 394 229 47 47 81 241 47 47 82 214 45 45 57 219 48 48
pics/1414197564887.png
pics/1414197565415.png 75 235 42 42
pics/1414197565887.png 54 223 43 43 504 202 47 47 0 223 48 48 64 206 78 78
pics/1414197566439.png 389 219 43 43
pics/1414197568575.png
pics/1414197571575.png 122 258 55 55 129 147 42 42 117 169 63 63 134 308 41 41 565 261 50 50 561 299 44 44 562 356 49 49 441 203 45 45 240 203 84 84 108 360 90 90
pics/1414197572175.png 27 221 47 47 20 171 52 52 460 326 43 43 465 233 46 46 31 255 45 45 468 211 43 43 34 288 43 43 465 257 43 43 58 306 61 61 460 240 61 61
pics/1414197573287.png 301 188 41 41 273 208 48 48 272 232 47 47 270 278 51 51 270 247 47 47 253 308 88 88
pics/1414197573815.png 243 330 40 40 274 197 44 44 244 231 48 48 245 276 48 48
pics/1414197574279.png
pics/1414197575423.png 156 223 49 49 457 290 44 44 148 211 74 74 150 267 97 97
pics/1414197575968.png 523 240 43 43 235 193 42 42 243 238 44 44 524 277 45 45 546 193 53 53 235 218 70 70 232 261 105 105
pics/1414197576527.png 213 199 58 58
pics/1414197577136.png 156 211 54 54
pics/1414197577991.png 54 216 47 47 373 221 45 45
pics/1414197578815.png 393 233 45 45 347 229 42 42 351 217 47 47 345 229 61 61 58 210 86 86
pics/1414197579879.png 28 217 43 43 355 232 48 48
new_pics/michael_pics/1414787636986.png 428 256 45 45 265 336 64 64
new_pics/michael_pics/1414787637731.png 204 262 57 57
new_pics/michael_pics/1414787764331.png 314 267 59 59
new_pics/michael_pics/1414787764531.png 343 273 55 55
new_pics/michael_pics/1414787765339.png 309 263 49 49
new_pics/michael_pics/1414787765523.png 284 263 51 51
new_pics/michael_pics/1414787765747.png 254 265 53 53
new_pics/michael_pics/1414787765955.png 243 269 53 53
new_pics/michael_pics/1414787766475.png 284 258 57 57
new_pics/michael_pics/1414787766708.png 332 255 58 58
new_pics/michael_pics/1414787766931.png 382 259 58 58
new_pics/michael_pics/1414787767243.png 363 148 49 49 412 270 63 63 346 163 61 61
new_pics/michael_pics/1414787767641.png 401 295 69 69 398 145 48 48 226 146 59 59
new_pics/michael_pics/1414787767907.png 350 147 45 45 360 295 76 76
new_pics/michael_pics/1414787768146.png 352 296 74 74 156 148 45 45
new_pics/michael_pics/1414787768387.png 376 286 79 79
new_pics/michael_pics/1414787768587.png 403 275 82 82 244 149 45 45
new_pics/michael_pics/1414787779259.png
new_pics/michael_pics/1414787779467.png
new_pics/michael_pics/1414787779684.png
new_pics/michael_pics/1414787779963.png
new_pics/michael_pics/1414787780227.png
new_pics/michael_pics/1414787780507.png
new_pics/michael_pics/1414787780774.png 156 228 55 55
new_pics/michael_pics/1414787781027.png
new_pics/michael_pics/1414787781267.png 60 253 40 40
new_pics/michael_pics/1414787784811.png 75 271 45 45
new_pics/michael_pics/1414787784955.png 58 272 44 44 261 228 51 51
new_pics/michael_pics/1414787799059.png 121 234 46 46 110 231 69 69
new_pics/michael_pics/1414787799307.png
new_pics/michael_pics/1414787799547.png
new_pics/michael_pics/1414787799771.png 538 246 86 86
new_pics/michael_pics/1414787800027.png
new_pics/michael_pics/1414787806763.png 413 267 44 44
new_pics/michael_pics/1414787807011.png 338 265 43 43 491 251 97 97
new_pics/michael_pics/1414787807227.png 259 264 46 46 472 252 100 100
new_pics/michael_pics/1414787807443.png 183 260 44 44
new_pics/michael_pics/1414787807619.png 146 258 44 44
new_pics/michael_pics/1414787813267.png 40 232 101 101
new_pics/michael_pics/1414787817355.png 582 235 57 57 320 237 121 121
new_pics/michael_pics/1414787817571.png 351 233 130 130 161 229 101 101
new_pics/michael_pics/1414787817787.png 380 336 68 68 367 229 136 136 173 224 105 105 82 229 111 111
new_pics/michael_pics/1414787817947.png 376 343 76 76 255 245 78 78 374 231 132 132 224 240 156 156
new_pics/michael_pics/1414787828739.png 246 334 55 55 547 232 78 78
new_pics/michael_pics/1414787828971.png 381 338 55 55 353 240 82 82 369 334 89 89 333 151 89 89 452 242 107 107 335 235 107 107
new_pics/michael_pics/1414787829171.png 448 340 54 54 406 238 80 80 438 334 95 95
new_pics/michael_pics/1414787830283.png 350 328 58 58 266 223 86 86
new_pics/michael_pics/1414787833539.png 132 236 48 48 5 229 104 104
new_pics/michael_pics/1414787833819.png
new_pics/michael_pics/1414787834363.png 143 241 52 52
new_pics/michael_pics/1414787834627.png
new_pics/michael_pics/1414787834891.png
new_pics/michael_pics/1414787835147.png
new_pics/michael_pics/1414787835347.png 79 237 43 43 423 269 40 40
new_pics/michael_pics/1414787835555.png 440 269 40 40 24 146 53 53
new_pics/michael_pics/1414787835779.png 469 271 43 43
new_pics/michael_pics/1414787835995.png 511 282 41 41
new_pics/michael_pics/1414787836155.png 531 283 44 44
new_pics/michael_pics/1414787838907.png 297 148 42 42 561 328 49 49 74 193 112 112
new_pics/michael_pics/1414787839131.png 288 150 41 41 544 327 51 51 233 233 45 45
new_pics/michael_pics/1414787839347.png 278 148 41 41 528 326 56 56 224 235 52 52
new_pics/michael_pics/1414787839555.png 510 331 59 59 222 240 44 44 274 242 45 45
new_pics/michael_pics/1414787839747.png 263 148 40 40 216 238 41 41 505 333 55 55
new_pics/michael_pics/1414787839947.png 488 331 58 58 202 235 46 46
new_pics/michael_pics/1414787840131.png 200 234 52 52 480 329 57 57 168 231 46 46
new_pics/michael_pics/1414787840315.png 190 231 47 47 459 324 59 59
new_pics/michael_pics/1414787840507.png 440 323 58 58 176 227 49 49 154 220 47 47
new_pics/michael_pics/1414787840675.png 429 322 60 60 174 232 45 45
new_pics/michael_pics/1414787840859.png 167 233 46 46 418 322 62 62 136 228 43 43
new_pics/michael_pics/1414787841043.png 201 145 42 42 154 235 45 45 402 323 59 59
new_pics/michael_pics/1414787841235.png 58 145 44 44 367 323 59 59 130 234 50 50
new_pics/michael_pics/1414787841451.png 154 146 44 44 106 233 46 46 38 153 40 40 338 324 60 60
new_pics/michael_pics/1414787841635.png 270 317 57 57 55 232 42 42
new_pics/michael_pics/1414787841795.png 235 317 52 52 25 235 46 46 74 231 44 44
new_pics/michael_pics/1414787854067.png
new_pics/michael_pics/1414787854427.png
new_pics/michael_pics/1414787854611.png
new_pics/michael_pics/1414787854795.png
new_pics/michael_pics/1414787855107.png
new_pics/michael_pics/1414787856771.png
new_pics/michael_pics/1414787857035.png
new_pics/michael_pics/1414787857283.png
new_pics/michael_pics/1414787861323.png 414 302 48 48
new_pics/michael_pics/1414787861491.png 476 301 49 49
new_pics/michael_pics/1414787879259.png 174 241 43 43
new_pics/michael_pics/1414787879595.png 186 248 44 44
new_pics/michael_pics/1414787879915.png 206 248 45 45
new_pics/michael_pics/1414787880171.png 216 249 46 46
new_pics/michael_pics/1414787880459.png 228 248 46 46
new_pics/michael_pics/1414787880723.png 234 247 44 44
new_pics/michael_pics/1414787881011.png 226 242 48 48 153 223 41 41
new_pics/michael_pics/1414787881291.png 211 246 47 47
new_pics/michael_pics/1414787881547.png 192 246 48 48
new_pics/michael_pics/1414787881747.png 160 249 50 50
new_pics/michael_pics/1414787881939.png 142 248 51 51 105 223 41 41
new_pics/michael_pics/1414787886539.png 267 246 47 47
new_pics/michael_pics/1414787886715.png 230 245 50 50
new_pics/michael_pics/1414787886891.png 161 247 52 52
new_pics/michael_pics/1414787887051.png 130 251 50 50
new_pics/michael_pics/1414787887235.png 102 253 50 50
new_pics/michael_pics/1414788144195.png 296 283 40 40 359 301 44 44 3 158 76 76
new_pics/michael_pics/1414788144435.png 262 273 42 42 325 290 46 46
new_pics/michael_pics/1414788144667.png 315 283 44 44 253 268 41 41
new_pics/michael_pics/1414788144867.png 226 262 41 41 286 281 45 45
new_pics/michael_pics/1414788145091.png 215 260 41 41 273 281 45 45
new_pics/michael_pics/1414788145291.png 237 278 46 46
new_pics/michael_pics/1414788145483.png 192 292 49 49
new_pics/michael_pics/1414788145675.png 125 285 41 41 180 301 46 46
new_pics/michael_pics/1414788146043.png 175 288 46 46
new_pics/michael_pics/1414788146267.png 144 242 42 42 199 262 45 45
new_pics/michael_pics/1414788146451.png 169 243 42 42 226 262 48 48
new_pics/michael_pics/1414788146651.png 243 273 45 45
new_pics/michael_pics/1414788146843.png 273 300 47 47 215 284 42 42
new_pics/michael_pics/1414788147084.png 305 331 46 46
new_pics/michael_pics/1414788147923.png 512 268 43 43 592 391 46 46 555 411 54 54 565 373 68 68 558 391 78 78
new_pics/michael_pics/1414788148091.png 529 243 43 43
new_pics/michael_pics/1414788148283.png 531 231 44 44
new_pics/michael_pics/1414788148491.png 522 219 43 43
new_pics/michael_pics/1414788148723.png 501 237 45 45
new_pics/michael_pics/1414788148939.png 477 280 44 44
new_pics/michael_pics/1414788149147.png 468 292 44 44
new_pics/michael_pics/1414788149459.png 443 281 47 47
new_pics/michael_pics/1414788149691.png 430 250 45 45
new_pics/michael_pics/1414788149899.png 422 239 45 45
new_pics/michael_pics/1414788150795.png 190 282 47 47 224 327 71 71
new_pics/michael_pics/1414788150939.png 216 295 47 47 243 339 81 81
new_pics/michael_pics/1414788151163.png 279 318 48 48 304 366 77 77
new_pics/michael_pics/1414788151355.png 314 326 48 48 337 375 79 79
new_pics/michael_pics/1414788151555.png 382 330 47 47 404 386 73 73 349 176 51 51 231 172 78 78
new_pics/michael_pics/1414788151731.png 405 325 52 52 426 380 82 82
new_pics/michael_pics/1414788151948.png 443 321 50 50 460 384 82 82 284 152 91 91
new_pics/michael_pics/1414788152139.png 465 324 50 50 477 395 75 75
new_pics/michael_pics/1414788152331.png 470 325 51 51 258 269 41 41 482 397 76 76
new_pics/michael_pics/1414788152547.png 460 322 55 55 249 264 40 40 473 400 73 73
new_pics/michael_pics/1414788152747.png 538 274 40 40 439 330 55 55
new_pics/michael_pics/1414788152939.png 197 278 41 41 407 338 55 55
new_pics/michael_pics/1414788153155.png 393 342 54 54 412 168 50 50 282 154 86 86
new_pics/michael_pics/1414788153379.png 360 345 56 56
new_pics/michael_pics/1414788153531.png 360 345 56 56
new_pics/michael_pics/1414788153755.png 121 261 42 42 307 334 72 72
new_pics/michael_pics/1414788153947.png 100 264 41 41 278 343 74 74 246 149 78 78
new_pics/michael_pics/1414788154163.png 81 275 41 41 436 276 43 43 248 358 77 77
new_pics/michael_pics/1414788154371.png 76 279 40 40 433 280 40 40 370 167 40 40 237 361 76 76 360 160 55 55
new_pics/michael_pics/1414788154539.png 61 279 42 42 427 278 41 41 204 368 84 84
new_pics/michael_pics/1414788154804.png 53 278 41 41 421 279 45 45 176 377 88 88
new_pics/michael_pics/1414788154995.png 52 275 41 41 434 282 42 42 158 384 87 87
new_pics/michael_pics/1414788155211.png 54 271 44 44 443 283 43 43 153 387 88 88
new_pics/michael_pics/1414788155811.png 468 285 43 43 54 293 43 43
new_pics/michael_pics/1414788156011.png 27 304 42 42 451 296 47 47
new_pics/michael_pics/1414788157755.png 297 308 57 57 429 426 45 45
new_pics/michael_pics/1414788157939.png 331 319 61 61 296 146 73 73
new_pics/michael_pics/1414788158155.png 387 344 68 68
new_pics/michael_pics/1414788158323.png 420 412 44 44 422 355 69 69 391 166 81 81
new_pics/michael_pics/1414788160027.png 536 268 43 43 35 288 48 48
new_pics/michael_pics/1414788160195.png 37 316 46 46
new_pics/michael_pics/1414788160395.png 540 269 43 43 26 328 48 48
new_pics/michael_pics/1414788160571.png 1 340 43 43 522 267 40 40
new_pics/michael_pics/1414788163619.png 397 298 44 44
new_pics/michael_pics/1414788163827.png 372 276 43 43
new_pics/michael_pics/1414788163971.png 351 267 44 44
new_pics/michael_pics/1414788164627.png
new_pics/michael_pics/1414788166076.png 163 291 45 45
new_pics/michael_pics/1414788166267.png 375 287 40 40 155 311 45 45
new_pics/michael_pics/1414788166451.png 139 312 46 46 368 293 42 42
new_pics/michael_pics/1414788166643.png 364 282 43 43 135 300 45 45
new_pics/michael_pics/1414788166811.png 370 261 41 41 123 272 50 50
new_pics/michael_pics/1414788167011.png 127 268 46 46 372 257 43 43
new_pics/michael_pics/1414788167195.png 391 275 42 42 132 285 47 47
new_pics/michael_pics/1414788167355.png 398 282 43 43 133 298 46 46
new_pics/michael_pics/1414788168051.png 151 277 46 46
new_pics/michael_pics/1414788168243.png 173 307 47 47
new_pics/michael_pics/1414788168459.png 183 313 46 46
new_pics/michael_pics/1414788168683.png 210 311 48 48
new_pics/michael_pics/1414788168899.png 241 304 49 49
new_pics/michael_pics/1414788169116.png 280 303 49 49
new_pics/michael_pics/1414788169331.png 317 301 51 51
new_pics/michael_pics/1414788169515.png 331 297 52 52
new_pics/michael_pics/1414788170331.png 55 322 58 58 491 307 48 48
new_pics/michael_pics/1414788170532.png 38 329 56 56 479 308 48 48
new_pics/michael_pics/1414788170740.png 4 346 46 46 446 314 50 50
new_pics/michael_pics/1414788170931.png 410 315 49 49 238 171 45 45
new_pics/michael_pics/1414788171116.png 392 311 50 50
new_pics/michael_pics/1414788171315.png 357 307 54 54
new_pics/michael_pics/1414788171493.png 341 306 53 53
new_pics/michael_pics/1414788172779.png 240 323 57 57 183 154 53 53
new_pics/michael_pics/1414788172931.png 245 324 56 56
new_pics/michael_pics/1414788175523.png 520 290 41 41 109 167 52 52
new_pics/michael_pics/1414788175715.png 528 292 43 43 120 165 48 48
new_pics/michael_pics/1414788175899.png 534 283 43 43
new_pics/michael_pics/1414788176067.png 532 277 42 42
new_pics/michael_pics/1414788176379.png 494 291 43 43
new_pics/michael_pics/1414788176603.png 528 245 42 42 448 299 45 45
new_pics/michael_pics/1414788176843.png 387 293 44 44 477 240 42 42
new_pics/michael_pics/1414788177067.png 408 230 42 42 306 287 45 45
new_pics/michael_pics/1414788177291.png 260 287 47 47 369 228 47 47
new_pics/michael_pics/1414788177507.png 167 289 44 44
new_pics/michael_pics/1414788177667.png 86 282 45 45 219 227 41 41
new_pics/michael_pics/1414788181819.png 297 324 54 54 549 239 44 44
new_pics/michael_pics/1414788394243.png 233 333 42 42 232 309 48 48 343 148 59 59
new_pics/michael_pics/1414788394411.png 206 321 53 53 207 349 47 47
new_pics/michael_pics/1414788394611.png 158 337 51 51 541 263 89 89 328 255 115 115
new_pics/michael_pics/1414788394795.png 135 342 43 43 136 369 45 45 130 340 65 65
new_pics/michael_pics/1414788394980.png 90 357 50 50
new_pics/michael_pics/1414788395163.png 71 361 44 44 465 218 85 85 62 326 118 118
new_pics/michael_pics/1414788408531.png 243 246 45 45 331 220 103 103
new_pics/michael_pics/1414788408708.png 233 237 42 42 329 215 104 104
new_pics/michael_pics/1414788408971.png 227 223 41 41 340 205 99 99
new_pics/michael_pics/1414788409195.png 237 243 41 41 363 221 87 87
new_pics/michael_pics/1414788409420.png 261 279 43 43 400 247 86 86 403 151 78 78
new_pics/michael_pics/1414788409627.png 317 295 44 44 437 247 110 110
new_pics/michael_pics/1414788409859.png 394 292 44 44 451 251 48 48 530 251 98 98
new_pics/michael_pics/1414788410075.png 496 251 48 48 434 294 43 43
new_pics/michael_pics/1414788427836.png 368 154 51 51
new_pics/michael_pics/1414788428075.png
new_pics/michael_pics/1414788428371.png
new_pics/michael_pics/1414788428619.png
new_pics/michael_pics/1414788428875.png
new_pics/michael_pics/1414788429235.png
new_pics/michael_pics/1414788429619.png 178 279 40 40
new_pics/michael_pics/1414788430075.png 221 280 42 42 93 223 57 57
new_pics/michael_pics/1414788430332.png 263 289 40 40
new_pics/michael_pics/1414788430539.png 310 301 43 43
new_pics/michael_pics/1414788430731.png 333 293 45 45
new_pics/michael_pics/1414788430923.png
new_pics/michael_pics/1414788431139.png 358 263 41 41
new_pics/michael_pics/1414788431367.png 334 292 43 43 111 150 95 95
new_pics/michael_pics/1414788431587.png 311 307 44 44
new_pics/michael_pics/1414788431803.png 252 325 44 44
new_pics/michael_pics/1414788432051.png 184 337 44 44
new_pics/michael_pics/1414788432259.png 140 341 45 45
new_pics/michael_pics/1414788432475.png 105 324 46 46
new_pics/michael_pics/1414788432684.png 92 315 46 46
new_pics/michael_pics/1414788432899.png 61 317 48 48
new_pics/michael_pics/1414788433067.png 34 334 48 48
new_pics/michael_pics/1414788453219.png 38 258 46 46
new_pics/michael_pics/1414788453451.png 15 267 49 49
new_pics/michael_pics/1414788456604.png 525 311 57 57 356 153 47 47
new_pics/michael_pics/1414788456779.png 550 327 55 55 288 149 63 63
new_pics/michael_pics/1414788483795.png 334 245 57 57
new_pics/michael_pics/1414788484027.png 316 237 84 84
new_pics/michael_pics/1414788484235.png 527 251 45 45
new_pics/michael_pics/1414788484443.png 591 252 43 43 190 173 44 44 174 170 60 60 339 235 95 95
new_pics/michael_pics/1414788484675.png 493 269 42 42 533 242 45 45 186 231 101 101
new_pics/michael_pics/1414788484899.png 565 242 49 49
new_pics/michael_pics/1414788485067.png 523 244 45 45 376 173 84 84 360 146 92 92
new_pics/michael_pics/1414788486435.png 536 226 52 52 231 151 55 55
new_pics/michael_pics/1414788486643.png 511 237 54 54 193 171 64 64
new_pics/michael_pics/1414788486867.png 510 238 48 48 203 176 48 48
new_pics/michael_pics/1414788487091.png 525 226 45 45 500 231 43 43
new_pics/michael_pics/1414788487315.png 527 221 49 49 225 145 48 48
new_pics/michael_pics/1414788487547.png 248 146 43 43 381 252 45 45 540 225 51 51
new_pics/michael_pics/1414788487779.png 401 268 40 40 249 158 54 54 554 228 51 51
new_pics/michael_pics/1414788488035.png 571 232 52 52 419 278 41 41
new_pics/michael_pics/1414788488283.png
new_pics/michael_pics/1414788488491.png 482 271 42 42
new_pics/michael_pics/1414788488699.png 518 282 41 41 360 170 53 53 497 228 114 114
new_pics/michael_pics/1414788612612.png 198 275 180 180 438 271 176 176
new_pics/michael_pics/1414788612804.png 439 279 179 179
new_pics/michael_pics/1414788612939.png 482 235 42 42 196 281 173 173 436 269 184 184
new_pics/michael_pics/1414788613155.png 450 267 168 168
new_pics/michael_pics/1414788613323.png 485 240 41 41 296 221 41 41 422 267 196 196
new_pics/michael_pics/1414788614172.png
new_pics/michael_pics/1414788614395.png 278 310 134 134
new_pics/michael_pics/1414788614635.png 9 241 42 42 177 241 43 43 323 248 42 42 294 317 123 123
new_pics/michael_pics/1414788615069.png 51 240 44 44 342 241 46 46 34 300 100 100 346 319 124 124 25 266 184 184
new_pics/michael_pics/1414788615275.png 38 244 43 43
new_pics/michael_pics/1414788615475.png 11 244 44 44 191 243 45 45 152 242 48 48 129 218 94 94 311 325 130 130
new_pics/michael_pics/1414788615643.png 111 217 88 88
new_pics/michael_pics/1414788616563.png 193 238 43 43 205 174 47 47 429 251 42 42 573 196 45 45 241 279 174 174
new_pics/michael_pics/1414788616780.png 426 248 43 43 542 225 86 86 222 283 130 130
new_pics/michael_pics/1414788616979.png 422 246 43 43 536 220 92 92 231 289 120 120 227 292 168 168 392 267 168 168
new_pics/michael_pics/1414788617179.png 433 240 43 43 564 219 60 60 96 289 107 107 242 276 119 119 391 261 188 188
new_pics/michael_pics/1414788617355.png 429 242 43 43 564 222 56 56 401 273 169 169 224 272 180 180 19 281 176 176
new_pics/michael_pics/1414788617531.png 422 242 42 42 558 171 52 52 561 223 55 55 12 275 174 174 377 259 198 198
new_pics/michael_pics/1414788618267.png 45 239 44 44 498 370 48 48 257 322 143 143
new_pics/michael_pics/1414788618491.png 66 240 43 43 498 306 48 48
new_pics/michael_pics/1414788618675.png 64 244 43 43
new_pics/michael_pics/1414788618859.png 55 253 42 42
new_pics/michael_pics/1414788619043.png 45 254 42 42
new_pics/michael_pics/1414788619212.png 196 209 45 45 40 249 45 45 485 387 48 48 266 358 118 118
new_pics/michael_pics/1414788619995.png 75 246 44 44 371 257 48 48 531 226 81 81 371 295 104 104
new_pics/michael_pics/1414788620203.png 575 238 45 45 8 214 42 42 297 222 53 53 334 249 157 157 396 296 160 160
new_pics/michael_pics/1414788620403.png 256 210 49 49 536 225 45 45 241 177 97 97
new_pics/michael_pics/1414788620596.png 256 210 49 49 536 225 45 45 241 177 97 97
new_pics/michael_pics/1414788620795.png 568 279 45 45 280 263 48 48 468 182 65 65 458 233 86 86 258 244 86 86 304 281 174 174
new_pics/michael_pics/1414788620979.png 585 328 43 43 3 249 42 42 304 273 48 48 590 285 45 45 472 241 94 94
new_pics/michael_pics/1414788621147.png 16 239 44 44 323 255 51 51 247 221 47 47 502 227 89 89 355 275 172 172
new_pics/michael_pics/1414788622299.png 472 375 46 46 375 373 44 44 282 252 49 49 54 255 47 47 46 297 57 57 307 281 121 121
new_pics/michael_pics/1414788622483.png 46 266 50 50 281 261 49 49 506 147 42 42 401 389 44 44 503 397 46 46 380 230 84 84 83 232 111 111
new_pics/michael_pics/1414788622683.png 53 273 50 50 540 412 46 46 291 268 48 48 381 313 126 126
new_pics/michael_pics/1414788622892.png 541 417 47 47 39 270 51 51 278 268 48 48 365 324 102 102 98 323 147 147
new_pics/michael_pics/1414788623073.png 558 421 48 48 265 259 47 47 21 257 50 50 84 225 50 50
new_pics/michael_pics/1414788623219.png 387 252 43 43 7 255 49 49 251 258 48 48 561 430 45 45
new_pics/michael_pics/1414788624171.png 151 254 64 64 587 269 50 50 440 210 91 91 276 259 203 203
new_pics/michael_pics/1414788624547.png 133 251 69 69 594 281 45 45 451 225 81 81 292 285 104 104 278 259 199 199
new_pics/michael_pics/1414788876596.png 358 270 52 52 393 253 44 44
new_pics/michael_pics/1414788876836.png 299 253 42 42 267 272 55 55
new_pics/michael_pics/1414788878084.png 378 229 44 44 382 258 65 65
new_pics/michael_pics/1414788878316.png 432 228 46 46 456 257 64 64
new_pics/michael_pics/1414788884684.png 501 265 44 44
new_pics/michael_pics/1414788909660.png 342 193 46 46 533 236 43 43 533 213 43 43 530 183 56 56
new_pics/tommy_pics/1414787615126.png
new_pics/tommy_pics/1414787618140.png
new_pics/tommy_pics/1414787619562.png 451 246 45 45
new_pics/tommy_pics/1414787626091.png 483 251 46 46
new_pics/tommy_pics/1414787887403.png 50 252 52 52
new_pics/tommy_pics/1414787887603.png 9 252 51 51
new_pics/tommy_pics/1414787889779.png 231 229 44 44
new_pics/tommy_pics/1414787890067.png 208 235 43 43 267 165 45 45
new_pics/tommy_pics/1414787890523.png 150 227 43 43
new_pics/tommy_pics/1414787891651.png 207 255 43 43
new_pics/tommy_pics/1414787893115.png 129 281 67 67
new_pics/tommy_pics/1414787893347.png 199 271 66 66
new_pics/tommy_pics/1414787893547.png 262 267 72 72
new_pics/tommy_pics/1414787893739.png 293 270 69 69
new_pics/tommy_pics/1414787893931.png 346 271 69 69 151 146 83 83
new_pics/tommy_pics/1414787894827.png 283 229 46 46 540 227 40 40
new_pics/tommy_pics/1414787895011.png 305 235 45 45 555 232 41 41 303 215 48 48
new_pics/tommy_pics/1414787895195.png 316 233 45 45 568 230 40 40
new_pics/tommy_pics/1414787895403.png 332 235 44 44 582 235 41 41
new_pics/tommy_pics/1414787895619.png 342 236 45 45
new_pics/tommy_pics/1414787895811.png 340 237 45 45 587 239 42 42
new_pics/tommy_pics/1414787896019.png 326 234 45 45 569 236 44 44
new_pics/tommy_pics/1414787896243.png 293 229 45 45 545 226 43 43
new_pics/tommy_pics/1414787896403.png 271 226 45 45 523 224 41 41
new_pics/tommy_pics/1414787897219.png 356 245 47 47 143 145 107 107
new_pics/tommy_pics/1414787897411.png 319 251 46 46 325 229 47 47
new_pics/tommy_pics/1414787897598.png 300 246 48 48
new_pics/tommy_pics/1414787897779.png 298 244 48 48
new_pics/tommy_pics/1414787897971.png 306 231 48 48
new_pics/tommy_pics/1414787898163.png 315 228 49 49 66 151 47 47
new_pics/tommy_pics/1414787898435.png 335 231 50 50
new_pics/tommy_pics/1414787898651.png 359 245 46 46
new_pics/tommy_pics/1414787898835.png 372 251 45 45 109 169 51 51
new_pics/tommy_pics/1414787915547.png 528 272 78 78
new_pics/tommy_pics/1414787915667.png 551 281 79 79
new_pics/tommy_pics/1414787915827.png 577 288 56 56 581 273 59 59
new_pics/tommy_pics/1414787916003.png
new_pics/tommy_pics/1414787916131.png
new_pics/tommy_pics/1414787917227.png 167 233 45 45 132 284 82 82 386 259 41 41
new_pics/tommy_pics/1414787917395.png 159 232 45 45 119 285 82 82
new_pics/tommy_pics/1414787917547.png 149 230 47 47 104 286 83 83
new_pics/tommy_pics/1414787917699.png 354 251 41 41 86 287 81 81 142 166 43 43 137 231 45 45 360 253 48 48
new_pics/tommy_pics/1414787919219.png 368 292 44 44 86 264 53 53
new_pics/tommy_pics/1414787919395.png 336 295 51 51
new_pics/tommy_pics/1414787919947.png 282 296 46 46 12 264 47 47
new_pics/tommy_pics/1414787920147.png 234 292 55 55
new_pics/tommy_pics/1414787920315.png 216 292 47 47 185 289 86 86
new_pics/tommy_pics/1414787920491.png 149 297 59 59
new_pics/tommy_pics/1414787922443.png 240 269 45 45
new_pics/tommy_pics/1414787922651.png 304 272 42 42
new_pics/tommy_pics/1414787922835.png 370 268 45 45
new_pics/tommy_pics/1414787923011.png 406 271 45 45
new_pics/tommy_pics/1414787925781.png 150 227 42 42 185 264 42 42 100 375 94 94
new_pics/tommy_pics/1414787925939.png 93 235 41 41 115 272 46 46 12 382 91 91
new_pics/tommy_pics/1414787926099.png 54 242 44 44 79 278 41 41
new_pics/tommy_pics/1414787927483.png 129 285 42 42
new_pics/tommy_pics/1414787927699.png 375 163 41 41 122 284 42 42 129 235 45 45
new_pics/tommy_pics/1414787927923.png 109 280 42 42 112 228 45 45
new_pics/tommy_pics/1414787928155.png 83 274 44 44
new_pics/tommy_pics/1414787928411.png 44 286 43 43 50 227 42 42
new_pics/tommy_pics/1414787928643.png 16 296 46 46 314 288 44 44
new_pics/tommy_pics/1414787929067.png 251 231 46 46 334 270 41 41 15 290 47 47 16 222 47 47
new_pics/tommy_pics/1414787929387.png 61 218 42 42 406 254 46 46 71 294 48 48 395 205 111 111
new_pics/tommy_pics/1414787929595.png 482 258 41 41 131 299 59 59
new_pics/tommy_pics/1414787929819.png 539 265 43 43 187 303 54 54
new_pics/tommy_pics/1414787930027.png 554 272 45 45 199 306 61 61
new_pics/tommy_pics/1414787930259.png 575 298 44 44 214 329 65 65 389 239 47 47
new_pics/tommy_pics/1414787930476.png 572 317 45 45 201 352 74 74
new_pics/tommy_pics/1414787930659.png 552 315 49 49 415 278 43 43 168 362 81 81
new_pics/tommy_pics/1414787930843.png 305 240 45 45 542 310 46 46 149 363 85 85
new_pics/tommy_pics/1414787931795.png 263 157 50 50 51 183 48 48
new_pics/tommy_pics/1414787932011.png 439 281 43 43 88 174 43 43 317 146 47 47 21 175 50 50 373 230 112 112
new_pics/tommy_pics/1414787932203.png
new_pics/tommy_pics/1414787932371.png 188 173 48 48
new_pics/tommy_pics/1414787936411.png 262 284 47 47
new_pics/tommy_pics/1414788193451.png 453 260 48 48 114 345 61 61 75 273 88 88 374 166 69 69
new_pics/tommy_pics/1414788193651.png 459 264 46 46 109 352 66 66 74 278 86 86
new_pics/tommy_pics/1414788193844.png 112 361 63 63 482 266 48 48 85 281 90 90
new_pics/tommy_pics/1414788194403.png 590 268 47 47 167 372 67 67 201 356 44 44 160 278 99 99
new_pics/tommy_pics/1414788195779.png 154 283 53 53 82 161 45 45
new_pics/tommy_pics/1414788196459.png 233 259 54 54
new_pics/tommy_pics/1414788196676.png 235 260 59 59
new_pics/tommy_pics/1414788196891.png 229 269 56 56
new_pics/tommy_pics/1414788197107.png 219 283 57 57 498 162 86 86
new_pics/tommy_pics/1414788197347.png 206 297 60 60
new_pics/tommy_pics/1414788197539.png 203 302 60 60
new_pics/tommy_pics/1414788197739.png 194 294 63 63
new_pics/tommy_pics/1414788198132.png 187 276 68 68
new_pics/tommy_pics/1414788198363.png 204 290 70 70
new_pics/tommy_pics/1414788198547.png 250 311 70 70 238 350 47 47
new_pics/tommy_pics/1414788198747.png 284 313 73 73 279 354 50 50 377 163 94 94
new_pics/tommy_pics/1414788207499.png 388 222 70 70
new_pics/tommy_pics/1414788207763.png 410 237 63 63 50 186 44 44 79 172 43 43 307 241 111 111
new_pics/tommy_pics/1414788207971.png 404 240 62 62 170 246 51 51
new_pics/tommy_pics/1414788208171.png 547 147 41 41 378 237 67 67 148 245 48 48 67 247 45 45
new_pics/tommy_pics/1414788208372.png 43 161 43 43 350 230 61 61 110 224 58 58
new_pics/tommy_pics/1414788208587.png 329 225 57 57 88 215 57 57
new_pics/tommy_pics/1414788208803.png 57 210 41 41 576 256 47 47 277 217 61 61 533 230 49 49 536 233 97 97
new_pics/tommy_pics/1414788209011.png 229 228 57 57 523 255 53 53 473 229 119 119
new_pics/tommy_pics/1414788209235.png 180 232 62 62 477 254 51 51 113 240 57 57 440 228 95 95
new_pics/tommy_pics/1414788209467.png 437 254 49 49 143 238 61 61 406 228 92 92
new_pics/tommy_pics/1414788209667.png 127 238 57 57 416 249 52 52 26 234 111 111
new_pics/tommy_pics/1414788209883.png 93 224 59 59 382 245 51 51 262 227 47 47
new_pics/tommy_pics/1414788210083.png 71 211 50 50 352 240 51 51 57 206 89 89
new_pics/tommy_pics/1414788211731.png 148 244 60 60 430 256 52 52
new_pics/tommy_pics/1414788211987.png 406 263 50 50 123 243 62 62 128 183 52 52 22 241 108 108
new_pics/tommy_pics/1414788219739.png 128 244 51 51 195 217 124 124
new_pics/tommy_pics/1414788219939.png 392 158 41 41 116 267 53 53 444 276 44 44 183 266 46 46 189 252 67 67 212 165 101 101 192 251 126 126
new_pics/tommy_pics/1414788220155.png 173 275 46 46 106 277 49 49 377 173 43 43 496 292 44 44 98 269 83 83 166 256 92 92
new_pics/tommy_pics/1414788220355.png 96 264 50 50 161 256 53 53 81 237 75 75 92 255 81 81 179 156 93 93
new_pics/tommy_pics/1414788220563.png 357 154 42 42 159 254 47 47 90 259 56 56 187 159 86 86 165 235 112 112
new_pics/tommy_pics/1414788220755.png 89 262 56 56 93 239 44 44 157 252 50 50 400 256 45 45 85 237 62 62 166 156 96 96
new_pics/tommy_pics/1414788220979.png 170 244 59 59 103 258 58 58
new_pics/tommy_pics/1414788221211.png 176 254 61 61 192 234 51 51 216 151 80 80 126 231 89 89
new_pics/tommy_pics/1414788221411.png 221 242 47 47 207 260 69 69 229 148 104 104
new_pics/tommy_pics/1414788221619.png 290 276 69 69 534 281 44 44 289 258 50 50 304 169 90 90
new_pics/tommy_pics/1414788221771.png 339 281 63 63 342 167 93 93
new_pics/tommy_pics/1414788222899.png 123 277 43 43 473 236 43 43 194 295 53 53 504 235 61 61 220 229 81 81 224 224 134 134
new_pics/tommy_pics/1414788223083.png 178 274 48 48 239 163 46 46 239 213 47 47 500 225 46 46 455 223 63 63 218 211 83 83 226 205 104 104
new_pics/tommy_pics/1414788223283.png 488 220 51 51 165 269 53 53 211 205 81 81 448 219 60 60 150 272 67 67
new_pics/tommy_pics/1414788225619.png 237 211 82 82 345 237 95 95
new_pics/tommy_pics/1414788225811.png 338 238 41 41 192 231 53 53 307 263 83 83 192 225 89 89 275 233 126 126
new_pics/tommy_pics/1414788225955.png 285 275 90 90 193 152 93 93 176 231 119 119
new_pics/tommy_pics/1414788624731.png 577 283 56 56 105 249 71 71 594 242 47 47 426 216 92 92
new_pics/tommy_pics/1414788626419.png 156 273 55 55 209 276 162 162
new_pics/tommy_pics/1414788626651.png 158 274 56 56
new_pics/tommy_pics/1414788626867.png 168 274 57 57
new_pics/tommy_pics/1414788627227.png 173 271 62 62 71 334 130 130
new_pics/tommy_pics/1414788627451.png 182 274 63 63 67 338 125 125 184 292 168 168
new_pics/tommy_pics/1414788628204.png 197 238 44 44 233 293 126 126
new_pics/tommy_pics/1414788628403.png 100 241 44 44 145 185 44 44 106 296 129 129 293 200 65 65
new_pics/tommy_pics/1414788628587.png 44 247 46 46 103 415 50 50 39 308 120 120 105 150 59 59 84 194 81 81
new_pics/tommy_pics/1414788628956.png 466 286 85 85
new_pics/tommy_pics/1414788629155.png 277 275 78 78 247 272 193 193
new_pics/tommy_pics/1414788631676.png 247 276 94 94 13 197 50 50 26 287 145 145 299 294 158 158
new_pics/tommy_pics/1414788631843.png 148 229 49 49 305 309 101 101 66 213 48 48 77 329 120 120 425 291 169 169
new_pics/tommy_pics/1414788632740.png 310 302 113 113 155 171 63 63 511 334 76 76 66 204 92 92
new_pics/tommy_pics/1414788637099.png 461 257 89 89
new_pics/tommy_pics/1414788637291.png 427 219 41 41 348 204 46 46
new_pics/tommy_pics/1414788665844.png 455 233 43 43 261 229 40 40 600 252 41 41 28 297 170 170
new_pics/tommy_pics/1414788666579.png 447 243 43 43 288 230 40 40 220 286 112 112 48 288 173 173
new_pics/tommy_pics/1414788667883.png 32 269 202 202
new_pics/tommy_pics/1414788670243.png
new_pics/tommy_pics/1414788670507.png
new_pics/tommy_pics/1414788670731.png
new_pics/tommy_pics/1414788671052.png
new_pics/tommy_pics/1414788671459.png 532 241 41 41
new_pics/tommy_pics/1414788678931.png 356 246 44 44 516 256 41 41 320 214 76 76 75 310 124 124
new_pics/tommy_pics/1414788757900.png 356 237 46 46
new_pics/tommy_pics/1414788758108.png 435 237 48 48
new_pics/tommy_pics/1414788758324.png 435 237 48 48
new_pics/tommy_pics/1414788758508.png
new_pics/tommy_pics/1414788758908.png
new_pics/tommy_pics/1414788759124.png 117 237 47 47
new_pics/tommy_pics/1414788815548.png 292 297 61 61
new_pics/tommy_pics/1414788815708.png 292 297 61 61
new_pics/tommy_pics/1414788815868.png 456 314 78 78
new_pics/tommy_pics/1414788819140.png 299 275 47 47 11 161 53 53
new_pics/tommy_pics/1414788819366.png 1 147 44 44 346 298 55 55
new_pics/tommy_pics/1414788819580.png 1 147 44 44 346 298 55 55
new_pics/tommy_pics/1414788821412.png 272 278 48 48 433 176 42 42 449 167 47 47
new_pics/tommy_pics/1414788828612.png 96 219 92 92
new_pics/tommy_pics/1414788828924.png
new_pics/tommy_pics/1414788829176.png
new_pics/tommy_pics/1414788830148.png 326 273 46 46 553 224 85 85
new_pics/tommy_pics/1414788830372.png 290 281 53 53 189 225 40 40 197 184 44 44
new_pics/tommy_pics/1414788831020.png 282 294 56 56
new_pics/tommy_pics/1414788831500.png 261 259 40 40 279 297 55 55
new_pics/tommy_pics/1414788832656.png 264 290 53 53 304 218 89 89
new_pics/tommy_pics/1414788832860.png 264 290 53 53 304 218 89 89
new_pics/tommy_pics/1414788833036.png 266 302 58 58 68 216 48 48 282 219 102 102
new_pics/tommy_pics/1414788835276.png 220 240 44 44 97 149 57 57
new_pics/tommy_pics/1414788835500.png 184 241 45 45 339 215 174 174
new_pics/tommy_pics/1414788835708.png 170 247 44 44 344 221 168 168
new_pics/tommy_pics/1414788835924.png 170 247 44 44 344 221 168 168
new_pics/tommy_pics/1414788836332.png 389 243 42 42 186 249 46 46 410 225 101 101 392 223 139 139
new_pics/tommy_pics/1414788836540.png 389 243 42 42 186 249 46 46 410 225 101 101 392 223 139 139
new_pics/tommy_pics/1414788837884.png 103 254 43 43
new_pics/tommy_pics/1414788838124.png 103 254 43 43
new_pics/tommy_pics/1414788838356.png 125 245 46 46 394 188 47 47
new_pics/tommy_pics/1414788838588.png 123 243 48 48
new_pics/tommy_pics/1414788839836.png 14 243 46 46 475 256 63 63 320 197 44 44
new_pics/tommy_pics/1414788841692.png 257 255 82 82
new_pics/tommy_pics/1414788841836.png 394 282 101 101
new_pics/tommy_pics/1414788854868.png 439 269 56 56 178 225 104 104
new_pics/tommy_pics/1414788855804.png 261 257 56 56 490 241 51 51
new_pics/tommy_pics/1414788856020.png 235 260 55 55 461 245 51 51
new_pics/tommy_pics/1414788856228.png 437 247 48 48 210 262 54 54
new_pics/tommy_pics/1414788856668.png 392 243 49 49 171 260 53 53
new_pics/tommy_pics/1414788856884.png 392 243 49 49 171 260 53 53
new_pics/tommy_pics/1414788857692.png 103 259 50 50 311 244 48 48
new_pics/tommy_pics/1414788857876.png 488 233 42 42 301 241 46 46 94 256 51 51
new_pics/tommy_pics/1414788910300.png 557 191 49 49 571 269 43 43 537 253 86 86 48 197 184 184
new_pics/tommy_pics/1414788912644.png 321 219 59 59 455 275 45 45 457 244 44 44 576 191 45 45 456 211 45 45 302 306 105 105
