pics/1404934414191.png 398 231 42 42
pics/1404934514327.png 295 248 46 46
pics/1404934518527.png 348 267 85 85
pics/1404934536463.png 130 232 42 42
pics/1404934625679.png
pics/1404934628815.png
pics/1404934635991.png
pics/1404934639463.png
pics/1404934643015.png
pics/1404934655343.png
pics/1404934663863.png
pics/1404934691791.png 129 258 44 44
pics/1404934697527.png
pics/1404934703887.png 178 221 43 43 455 251 49 49
pics/1404934706671.png 91 256 60 60
pics/1404934954384.png
pics/1404934959264.png
pics/1404934962775.png
pics/1404934967496.png
pics/1404934972056.png
pics/1404934975472.png
pics/1404934981968.png 422 253 43 43 131 241 41 41
pics/1404934989928.png 442 258 41 41
pics/1404934992888.png 408 259 45 45 90 244 41 41
pics/1404934995599.png 163 260 47 47 453 275 41 41
pics/1404934998528.png 162 261 48 48
pics/1404935001048.png 413 272 42 42 75 251 56 56
pics/1404935003799.png 230 277 45 45
pics/1404935007279.png 281 283 49 49 412 259 41 41
pics/1404935010031.png 463 297 53 53
pics/1404935012599.png 415 262 40 40 351 304 63 63
pics/1404935015615.png 503 259 41 41 494 311 76 76
pics/1404935128216.png
pics/1404935135024.png
pics/1404935144783.png 82 334 56 56 532 299 43 43
pics/1404935150623.png
pics/1404935167776.png 283 285 42 42
pics/1404935171488.png 513 380 74 74
pics/1404935174751.png 124 246 45 45
pics/1404935177959.png 335 270 50 50
pics/1404935180480.png 196 260 42 42
pics/1404935184807.png 299 251 42 42
pics/1404935188624.png 345 265 46 46
pics/1404935191928.png 510 280 59 59
pics/1404935329152.png
pics/1404935365960.png
pics/1404935372168.png 64 293 43 43
pics/1404935920184.png 583 251 54 54
pics/1404935942065.png
pics/1404936344412.png
pics/1404936352356.png 521 259 86 86
pics/1404936355580.png 597 267 43 43 204 273 105 105
pics/1404936378148.png 277 226 44 44 21 243 61 61
pics/1404936381884.png 503 261 103 103
pics/1413757548136.png 358 243 43 43
pics/1413757558920.png 500 250 47 47
pics/1413757567976.png 127 274 66 66
pics/1413757570688.png 200 291 104 104 217 429 45 45
pics/1413757580009.png 176 289 43 43
pics/1413757582680.png 233 307 45 45
pics/1413757585488.png 294 325 53 53
pics/1413757586816.png 355 343 64 64
pics/1413757600672.png 441 296 47 47
pics/1413757602288.png
pics/1413757605689.png 129 310 48 48 305 258 116 116
pics/1413757608592.png 218 340 76 76
pics/1413757614184.png 470 288 42 42 562 249 47 47
pics/1413757624144.png 387 276 43 43 389 310 41 41
pics/1413757630016.png 201 271 40 40
pics/1413757636336.png 387 232 41 41 405 234 43 43 491 238 45 45 324 312 50 50
pics/1413757638616.png 459 343 59 59
pics/1413757643824.png 409 286 41 41 311 230 48 48
pics/1413757648752.png 120 267 49 49
pics/1414787639250.png 309 261 69 69
pics/1414787639563.png 261 261 71 71
pics/1414787682547.png 113 266 43 43
pics/1414787682707.png 94 272 43 43
pics/1414787683651.png 204 267 43 43
pics/1414787683851.png 187 273 42 42
pics/1414787684051.png 181 279 40 40
pics/1414787684258.png 176 278 44 44
pics/1414787684451.png 181 284 41 41
pics/1414787684643.png 177 287 44 44
pics/1414787684803.png 177 288 44 44
pics/1414787685627.png 140 313 52 52
pics/1414787685819.png 143 313 54 54
pics/1414787686019.png 143 312 52 52
pics/1414787686203.png 148 312 54 54
pics/1414787686707.png 197 329 59 59
pics/1414787688051.png 206 322 60 60
pics/1414787688267.png 241 326 61 61
pics/1414787688467.png 256 330 63 63
pics/1414787699163.png
pics/1414787699387.png
pics/1414787699581.png
pics/1414787699763.png
pics/1414787699931.png
pics/1414787700107.png 228 282 40 40
pics/1414787700283.png 228 282 40 40
pics/1414787700603.png 254 283 41 41
pics/1414787700787.png
pics/1414787701602.png 284 219 42 42 467 292 51 51
pics/1414787701779.png 316 227 43 43 510 302 51 51
pics/1414787701963.png 598 320 42 42 389 237 43 43
pics/1414787702171.png 458 237 44 44 3 228 42 42
pics/1414787702379.png 62 224 41 41 535 237 42 42
pics/1414787702587.png 128 229 42 42
pics/1414787702787.png 162 231 42 42
pics/1414787702987.png 217 230 40 40 49 298 45 45
pics/1414787703178.png 240 229 42 42 70 297 50 50
pics/1414787703379.png 272 228 41 41 100 295 50 50
pics/1414787703595.png 277 230 43 43 107 304 50 50
pics/1414787703795.png 274 233 41 41 100 304 54 54
pics/1414787703955.png 247 228 41 41 67 301 53 53
pics/1414787704203.png 226 226 42 42 44 303 47 47
pics/1414787704659.png 105 225 42 42
pics/1414787704923.png 543 251 43 43
pics/1414787705355.png 429 255 44 44
pics/1414787707675.png 354 253 45 45
pics/1414787707923.png 291 254 46 46 552 243 42 42
pics/1414787708155.png 248 256 46 46 517 245 40 40
pics/1414787708386.png 508 247 43 43 237 259 46 46
pics/1414787708611.png 237 259 46 46 508 247 43 43
pics/1414787708835.png 271 251 45 45 541 239 42 42
pics/1414787709075.png 294 250 46 46 563 240 41 41
pics/1414787709323.png 388 256 46 46
pics/1414787709539.png 465 258 47 47
pics/1414787709747.png 535 252 48 48
pics/1414787709963.png 598 257 43 43
pics/1414787710499.png 20 246 45 45
pics/1414787710755.png 54 245 45 45
pics/1414787711571.png 128 249 46 46
pics/1414787712459.png 523 247 43 43 250 268 61 61
pics/1414787712643.png 541 244 44 44 268 267 64 64
pics/1414787712843.png 277 264 67 67 549 243 44 44
pics/1414787713042.png 570 245 44 44 298 268 72 72
pics/1414787713235.png 594 250 43 43 329 279 74 74
pics/1414787713418.png 347 283 72 72
pics/1414787713595.png 383 281 70 70
pics/1414787713779.png 400 280 74 74
pics/1414787713947.png 436 283 76 76
pics/1414787714115.png 452 285 75 75
pics/1414787714371.png 477 289 77 77
pics/1414787715227.png 85 259 62 62
pics/1414787715411.png 54 260 66 66
pics/1414787715539.png 40 260 65 65
pics/1414787716730.png 225 264 42 42
pics/1414787716948.png 294 271 40 40
pics/1414787717187.png 308 271 42 42
pics/1414787717379.png 321 280 43 43
pics/1414787717595.png 316 295 43 43
pics/1414787717811.png 305 300 44 44
pics/1414787718019.png 273 300 46 46
pics/1414787718235.png 260 298 44 44
pics/1414787718427.png 219 301 46 46
pics/1414787718587.png 209 303 47 47
pics/1414787718827.png 199 308 48 48
pics/1414787719027.png 198 315 49 49
pics/1414787719275.png 207 323 52 52
pics/1414787719491.png 225 333 56 56
pics/1414787719707.png 237 334 61 61
pics/1414787719931.png 271 337 64 64
pics/1414787720131.png 314 341 71 71
pics/1414787722851.png 471 321 55 55
pics/1414787723074.png 412 335 59 59
pics/1414787723291.png 345 350 68 68 28 263 41 41
pics/1414787942971.png 517 249 43 43
pics/1414787943739.png 215 245 42 42 577 304 44 44
pics/1414787943923.png 220 248 43 43 592 308 45 45
pics/1414787944115.png 220 248 45 45
pics/1414787944291.png 209 246 46 46
pics/1414787944467.png 203 247 45 45
pics/1414787945179.png 376 251 53 53
pics/1414787945355.png 323 247 55 55
pics/1414787945571.png 266 245 60 60
pics/1414787945796.png 238 249 58 58
pics/1414787946005.png 189 249 57 57
pics/1414787946195.png 154 254 61 61
pics/1414787946371.png 145 257 63 63
pics/1414787946571.png 142 272 63 63
pics/1414787946763.png 154 276 68 68
pics/1414787946955.png 167 277 73 73
pics/1414787947139.png 194 276 75 75
pics/1414787947315.png 205 276 78 78
pics/1414787947571.png 226 273 81 81
pics/1414787948443.png 498 289 90 90
pics/1414787948595.png 527 291 91 91
pics/1414787956851.png 162 316 56 56
pics/1414787957051.png 167 315 57 57 385 239 61 61
pics/1414787957259.png 185 316 59 59
pics/1414787957467.png 214 322 61 61
pics/1414787957651.png 231 324 66 66
pics/1414787957827.png 276 331 69 69
pics/1414787958043.png 329 335 78 78
pics/1414787958211.png 366 340 78 78
pics/1414787966164.png
pics/1414787966395.png
pics/1414787966563.png
pics/1414787968123.png
pics/1414787969843.png 334 283 42 42
pics/1414787969972.png 368 285 42 42
pics/1414787970131.png 379 286 43 43
pics/1414787970331.png 393 285 44 44
pics/1414787970531.png 399 283 41 41
pics/1414787970715.png 413 280 43 43
pics/1414787970939.png 444 285 43 43 444 267 77 77
pics/1414787971131.png 464 285 47 47
pics/1414787971331.png 519 286 49 49
pics/1414787975539.png 461 326 52 52
pics/1414787975779.png 418 325 51 51
pics/1414787975995.png 385 317 52 52
pics/1414787976211.png 374 315 53 53
pics/1414787976411.png 358 311 61 61
pics/1414787976619.png 364 312 61 61
pics/1414787976811.png 377 314 56 56
pics/1414787977003.png 405 314 57 57
pics/1414787977211.png 441 319 57 57
pics/1414787977387.png 460 320 58 58
pics/1414787977555.png 481 320 57 57
pics/1414787977731.png 524 321 59 59
pics/1414788093212.png
pics/1414788093427.png
pics/1414788093597.png
pics/1414788093771.png
pics/1414788093939.png
pics/1414788094107.png
pics/1414788094291.png
pics/1414788094483.png
pics/1414788095283.png
pics/1414788097091.png
pics/1414788097315.png 448 284 43 43
pics/1414788097515.png
pics/1414788097715.png 279 316 40 40
pics/1414788097915.png
pics/1414788098099.png
pics/1414788098555.png 111 283 43 43
pics/1414788099531.png
pics/1414788099691.png
pics/1414788101595.png 492 296 47 47
pics/1414788101795.png 422 298 44 44
pics/1414788102171.png 312 315 45 45
pics/1414788102371.png 274 317 45 45
pics/1414788102555.png 211 316 44 44
pics/1414788102732.png 179 314 45 45
pics/1414788102907.png 118 303 46 46
pics/1414788103059.png 91 299 46 46
pics/1414788105035.png
pics/1414788105428.png
pics/1414788227963.png 313 298 83 83
pics/1414788228131.png 339 294 91 91 152 230 130 130
pics/1414788228315.png 369 271 93 93
pics/1414788229227.png 323 297 92 92
pics/1414788229420.png 290 307 100 100
pics/1414788229635.png 203 329 101 101
pics/1414788229803.png 165 321 102 102
pics/1414788231379.png
pics/1414788231579.png
pics/1414788231875.png 274 229 143 143
pics/1414788233947.png 539 382 91 91 371 296 128 128
pics/1414788236019.png 432 292 47 47
pics/1414788236244.png 418 287 42 42
pics/1414788236459.png 377 285 45 45
pics/1414788236659.png 355 288 44 44
pics/1414788236915.png 294 295 44 44
pics/1414788245596.png 340 270 43 43
pics/1414788245787.png 567 267 42 42
pics/1414788245963.png 439 278 42 42
pics/1414788246155.png 524 282 42 42 44 283 41 41 456 236 56 56
pics/1414788247779.png 208 263 41 41
pics/1414788247985.png 186 261 43 43
pics/1414788248123.png 141 269 42 42
pics/1414788249419.png 241 261 42 42
pics/1414788249611.png 208 254 44 44 396 257 41 41
pics/1414788249771.png 175 249 43 43
pics/1414788250027.png 177 250 42 42 361 251 42 42
pics/1414788250195.png 366 254 40 40 181 259 42 42
pics/1414788250379.png 377 273 40 40 192 278 41 41
pics/1414788250579.png 199 286 41 41 381 278 43 43
pics/1414788254636.png 430 239 156 156
pics/1414788254827.png 253 254 41 41 363 228 168 168
pics/1414788255003.png 373 226 153 153 454 250 122 122
pics/1414788255179.png 230 248 43 43 389 230 160 160
pics/1414788255371.png 391 229 166 166
pics/1414788255643.png 244 282 45 45 394 235 177 177
pics/1414788256124.png 337 296 49 49 497 248 125 125
pics/1414788256347.png 409 294 46 46
pics/1414788256539.png 477 289 46 46 312 240 48 48
pics/1414788256763.png 540 298 47 47
pics/1414788257451.png
pics/1414788257707.png
pics/1414788257923.png 14 267 41 41
pics/1414788258123.png 74 281 41 41
pics/1414788258875.png 102 301 40 40
pics/1414788259867.png
pics/1414788260099.png
pics/1414788260323.png 432 275 41 41
pics/1414788260547.png 458 297 40 40
pics/1414788261539.png 178 306 44 44
pics/1414788261763.png 267 294 46 46
pics/1414788261987.png 323 290 43 43 53 305 41 41
pics/1414788262179.png 363 302 43 43 85 308 40 40
pics/1414788262379.png 99 299 40 40 376 302 41 41
pics/1414788262587.png 385 283 43 43 105 266 43 43
pics/1414788262851.png 378 265 45 45 98 246 40 40
pics/1414788263147.png 349 283 43 43 74 273 40 40
pics/1414788263435.png 37 291 41 41 311 296 44 44
pics/1414788263667.png 258 303 43 43
pics/1414788264363.png 18 293 44 44
pics/1414788264507.png
pics/1414788265827.png 376 259 42 42 582 310 45 45
pics/1414788267243.png 220 293 45 45 467 340 52 52
pics/1414788267436.png 348 279 41 41 596 329 45 45
pics/1414788267667.png 468 269 42 42
pics/1414788267875.png 521 274 44 44
pics/1414788268579.png 243 289 45 45 545 272 40 40
pics/1414788268795.png 329 296 44 44
pics/1414788269003.png 176 274 41 41 416 300 44 44
pics/1414788269195.png 460 302 43 43 220 275 44 44
pics/1414788270627.png 568 288 43 43
pics/1414788276611.png 219 294 48 48
pics/1414788276827.png 211 317 51 51
pics/1414788277004.png 208 328 50 50
pics/1414788277187.png 200 340 51 51
pics/1414788277395.png 201 341 53 53
pics/1414788277595.png 229 336 52 52
pics/1414788277779.png 275 341 55 55
pics/1414788279899.png 300 246 46 46
pics/1414788280163.png 309 242 45 45 406 267 43 43
pics/1414788280387.png 329 243 46 46 424 271 42 42
pics/1414788280595.png 340 247 47 47
pics/1414788280796.png 463 274 46 46 367 255 46 46
pics/1414788281003.png 422 244 51 51 524 268 44 44
pics/1414788281203.png 468 243 48 48 566 267 44 44
pics/1414788281459.png 546 262 47 47
pics/1414788283035.png
pics/1414788283263.png
pics/1414788283491.png
pics/1414788285451.png 408 258 50 50 71 227 41 41 517 294 41 41
pics/1414788285635.png 67 230 43 43 404 261 51 51 516 293 43 43
pics/1414788285819.png 70 238 44 44 517 297 43 43 406 266 49 49
pics/1414788286019.png 404 263 49 49 516 295 44 44
pics/1414788860332.png 359 232 43 43 170 244 50 50
pics/1414788860564.png 359 232 43 43 170 244 50 50
pics/1414788860796.png 359 232 43 43 170 244 50 50
pics/1414788861020.png 359 232 43 43 170 244 50 50
pics/1414788862212.png 590 245 42 42 439 254 49 49
pics/1414788871964.png 413 257 43 43
pics/1414788872228.png 413 257 43 43
pics/1414788872476.png 373 247 41 41 279 259 45 45
pics/1404934414191.png 398 231 42 42
pics/1404934420359.png 391 276 94 94
pics/1404934500207.png 518 231 41 41
pics/1404934505463.png
pics/1404934510799.png 149 237 54 54 545 250 43 43
pics/1404934514327.png 295 248 46 46
pics/1404934518527.png 348 267 85 85
pics/1404934536463.png 130 232 42 42
pics/1404934619951.png
pics/1404934625679.png
pics/1404934635991.png
pics/1404934639463.png
pics/1404934655343.png
pics/1404934663863.png
pics/1404934691791.png 129 258 44 44
pics/1404934697527.png
pics/1404934703887.png 178 221 43 43 455 251 49 49
pics/1404934706671.png 91 256 60 60
pics/1404934954384.png
pics/1404934959264.png
pics/1404934962775.png
pics/1404934967496.png
pics/1404934972056.png
pics/1404934975472.png
pics/1404934981968.png 422 253 43 43 131 241 41 41
pics/1404934989928.png 442 258 41 41
pics/1404934992888.png 90 244 41 41 408 259 45 45
pics/1404934995599.png 163 260 47 47 453 275 41 41
pics/1404934998528.png 162 261 48 48
pics/1404935001048.png 75 251 56 56 413 272 42 42
pics/1404935003799.png 230 277 45 45
pics/1404935007279.png 281 283 49 49 412 259 41 41
pics/1404935010031.png 463 297 53 53
pics/1404935012599.png 415 262 40 40 351 304 63 63
pics/1404935015615.png 503 259 41 41 494 311 76 76
pics/1404935128216.png
pics/1404935135024.png
pics/1404935144783.png 532 299 43 43 82 334 56 56
pics/1404935150623.png
pics/1404935167776.png 283 285 42 42
pics/1404935171488.png 513 380 74 74
pics/1404935174751.png 124 246 45 45
pics/1404935177959.png 335 270 50 50
pics/1404935180480.png 196 260 42 42
pics/1404935184807.png 299 251 42 42
pics/1404935188624.png 345 265 46 46
pics/1404935191928.png 510 280 59 59
pics/1404935318424.png
pics/1404935329152.png
pics/1404935365960.png
pics/1404935372168.png 64 293 43 43
pics/1404935920184.png 583 251 54 54
pics/1404935942065.png
pics/1404936344412.png
pics/1404936352356.png 521 259 86 86
pics/1404936355580.png 597 267 43 43 204 273 105 105
pics/1404936378148.png 277 226 44 44 21 243 61 61
pics/1404936381884.png 503 261 103 103
pics/1413757523384.png
pics/1413757527280.png
pics/1413757528648.png
pics/1413757529456.png
pics/1413757548136.png 358 243 43 43
pics/1413757558920.png 500 250 47 47
pics/1413757567976.png 127 274 66 66
pics/1413757570688.png 200 291 104 104 217 429 45 45
pics/1413757580009.png 176 289 43 43
pics/1413757582680.png 233 307 45 45
pics/1413757585488.png 294 325 53 53
pics/1413757586816.png 355 343 64 64
pics/1413757600672.png 441 296 47 47
pics/1413757602288.png
pics/1413757605689.png 129 310 48 48 305 258 116 116
pics/1413757608592.png 218 340 76 76
pics/1413757614184.png 470 288 42 42 562 249 47 47
pics/1413757624144.png 387 276 43 43 389 310 41 41
pics/1413757630016.png 201 271 40 40
pics/1413757636336.png 324 312 50 50 387 232 41 41 405 234 43 43 491 238 45 45
pics/1413757638616.png 459 343 59 59
pics/1413757643824.png 311 230 48 48 409 286 41 41
pics/1413757648752.png 120 267 49 49
pics/1413757655320.png 515 330 52 52 37 225 47 47 437 239 55 55
pics/1413757659320.png 231 313 47 47
pics/1413757667104.png 176 313 49 49
pics/1413757712584.png
pics/1404934505463.png
pics/1404934510799.png 545 250 43 43 149 237 54 54
pics/1414197383368.png 492 354 95 95 530 429 44 44
pics/1414197384607.png 153 282 41 41
pics/1414197384991.png 166 281 42 42
pics/1414197385375.png 180 290 42 42
pics/1414197385847.png 198 292 45 45
pics/1414197386351.png 222 304 46 46
pics/1414197386984.png 254 312 51 51
pics/1414197387399.png 281 322 50 50
pics/1414197387775.png 311 330 54 54
pics/1414197388207.png 344 342 61 61
pics/1414197388615.png 386 351 70 70
pics/1414197389249.png 483 377 76 76
pics/1414197389807.png 572 404 57 57
pics/1414197390207.png 296 264 43 43
pics/1414197390567.png
pics/1414197390927.png 319 270 40 40
pics/1414197391279.png 336 272 43 43
pics/1414197391639.png 378 272 41 41 517 235 44 44
pics/1414197392007.png 395 279 42 42
pics/1414197392343.png 404 284 43 43
pics/1414197392711.png 364 285 44 44
pics/1414197392991.png 387 287 42 42
pics/1414197393376.png 431 279 44 44
pics/1414197393791.png 387 291 44 44
pics/1414197394647.png 468 284 46 46
pics/1414197396007.png 39 279 42 42
pics/1414197396583.png 96 287 46 46
pics/1414197397081.png 117 303 47 47
pics/1414197397535.png 154 314 50 50 52 232 47 47 318 261 110 110
pics/1414197397927.png 184 310 54 54
pics/1414197398239.png 192 331 58 58 52 233 52 52
pics/1414197398567.png 202 335 65 65
pics/1414197398807.png 200 337 72 72 38 223 54 54
pics/1414197399143.png 250 361 82 82 52 234 51 51
pics/1414197399631.png 67 230 48 48 296 365 90 90
pics/1414197400207.png 386 437 43 43
pics/1414197401575.png 469 275 43 43
pics/1414197401911.png 473 279 42 42
pics/1414197402231.png 468 287 42 42 568 247 50 50
pics/1414197402575.png 474 284 41 41 556 240 52 52
pics/1414197402871.png 470 278 42 42
pics/1414197403368.png 484 286 43 43 532 240 48 48
pics/1414197404871.png 494 293 44 44
pics/1414197405239.png 509 303 45 45 434 242 48 48
pics/1414197405567.png 539 302 45 45 441 234 47 47
pics/1414197405944.png 559 304 46 46
pics/1414197406279.png 570 311 49 49
pics/1414197407847.png
pics/1414197408207.png
pics/1414197408575.png 365 224 44 44
pics/1414197408887.png
pics/1414197409087.png
pics/1414197409927.png 327 290 46 46 326 331 48 48
pics/1414197410215.png 305 298 49 49 304 339 51 51
pics/1414197410511.png 287 304 52 52 289 351 51 51
pics/1414197410767.png 297 311 53 53
pics/1414197410986.png 279 313 61 61 291 370 44 44 347 297 104 104
pics/1414197411199.png 263 311 63 63 269 370 54 54 356 298 86 86
pics/1414197411391.png 257 310 69 69
pics/1414197412031.png 206 274 43 43
pics/1414197412360.png 210 274 42 42 467 234 50 50
pics/1414197412735.png 229 277 44 44
pics/1414197413031.png 229 282 44 44
pics/1414197413335.png 247 288 45 45
pics/1414197413607.png 257 288 46 46
pics/1414197416696.png 466 344 63 63
pics/1414197417169.png 534 360 66 66
pics/1414197417447.png 573 373 58 58
pics/1414197418200.png 313 229 41 41 298 226 57 57
pics/1414197418471.png 312 231 42 42 291 221 66 66
pics/1414197419207.png
pics/1414197419641.png
pics/1414197420415.png 305 290 50 50
pics/1414197420711.png 120 267 49 49
pics/1414197427151.png 470 306 47 47
pics/1414197435175.png 284 293 56 56
pics/1414197437871.png 362 283 42 42
pics/1414197441288.png 561 338 60 60
pics/1414197442919.png
pics/1414197443519.png
pics/1414197443847.png
pics/1414197445703.png
pics/1414197446559.png 398 360 75 75
pics/1414197457839.png 314 308 41 41
pics/1414197462591.png
pics/1414197466071.png
pics/1414197467919.png
pics/1414197475375.png
pics/1414197476583.png 521 366 57 57
pics/1414197477257.png 257 355 66 66
pics/1414197477967.png 123 359 79 79
pics/1414197478511.png 256 353 93 93
pics/1414197479703.png
pics/1414197480583.png
pics/1414787636986.png 428 255 44 44 264 334 65 65
pics/1414787637731.png 203 259 56 56
pics/1414787764331.png 311 265 61 61
pics/1414787764531.png 341 269 57 57
pics/1414787765339.png 308 262 49 49
pics/1414787765523.png 284 264 49 49
pics/1414787765747.png 254 264 50 50
pics/1414787765955.png 241 267 53 53
pics/1414787766475.png 283 258 53 53
pics/1414787766708.png 332 251 57 57
pics/1414787766931.png 382 256 55 55
pics/1414787767243.png 412 266 58 58
pics/1414787767641.png 401 293 62 62
pics/1414787767907.png 363 295 68 68
pics/1414787768146.png 350 294 70 70
pics/1414787768387.png 376 284 74 74
pics/1414787768587.png 401 273 78 78
pics/1414787779259.png
pics/1414787779467.png
pics/1414787779684.png
pics/1414787779963.png
pics/1414787780227.png
pics/1414787780507.png
pics/1414787780774.png
pics/1414787781027.png 94 258 40 40
pics/1414787781267.png
pics/1414787784811.png 74 271 43 43
pics/1414787784955.png 55 270 43 43
pics/1414787799059.png
pics/1414787799307.png
pics/1414787799547.png
pics/1414787799771.png
pics/1414787800027.png
pics/1414787806763.png 415 266 41 41
pics/1414787807011.png 336 265 41 41
pics/1414787807227.png 258 263 43 43
pics/1414787807443.png 184 261 41 41
pics/1414787807619.png 148 258 41 41
pics/1414787813267.png 34 231 98 98
pics/1414787817355.png 367 320 57 57 314 234 124 124
pics/1414787817571.png 345 226 137 137
pics/1414787817787.png 387 330 65 65 366 224 142 142
pics/1414787817947.png 381 338 67 67 366 225 137 137 345 222 209 209
pics/1414787828739.png 244 333 55 55
pics/1414787828971.png 378 337 55 55
pics/1414787829171.png 446 339 55 55
pics/1414787830283.png 350 327 54 54
pics/1414787833539.png
pics/1414787833819.png
pics/1414787834363.png
pics/1414787834627.png 355 272 44 44
pics/1414787834891.png
pics/1414787835147.png
pics/1414787835347.png 424 273 44 44
pics/1414787835555.png 441 268 43 43
pics/1414787835779.png 473 274 42 42
pics/1414787835995.png 514 282 42 42
pics/1414787836155.png 537 284 43 43
pics/1414787838907.png 561 326 49 49
pics/1414787839131.png 546 325 49 49
pics/1414787839347.png 531 327 51 51
pics/1414787839555.png 512 330 55 55
pics/1414787839747.png 506 332 54 54
pics/1414787839947.png 490 330 55 55
pics/1414787840131.png 478 328 59 59
pics/1414787840315.png 462 325 56 56
pics/1414787840507.png 441 322 56 56
pics/1414787840675.png 427 320 63 63
pics/1414787840859.png 424 323 56 56
pics/1414787841043.png 405 323 57 57
pics/1414787841235.png 369 324 56 56
pics/1414787841451.png 338 323 60 60
pics/1414787841635.png 273 317 52 52
pics/1414787841795.png 234 315 54 54
pics/1414787854067.png
pics/1414787854427.png
pics/1414787854611.png
pics/1414787854795.png
pics/1414787855107.png
pics/1414787856771.png
pics/1414787857035.png
pics/1414787857283.png
pics/1414787861323.png 412 299 49 49
pics/1414787861491.png 475 299 48 48
pics/1414787879259.png 171 240 43 43
pics/1414787879595.png 186 246 43 43
pics/1414787879915.png 205 247 45 45
pics/1414787880171.png 218 248 45 45
pics/1414787880459.png 228 248 44 44
pics/1414787880723.png 232 246 45 45
pics/1414787881011.png 225 240 50 50
pics/1414787881291.png 209 243 49 49
pics/1414787881547.png 188 245 51 51
pics/1414787881747.png 158 247 50 50
pics/1414787881939.png 141 248 53 53
pics/1414787886539.png 267 246 48 48
pics/1414787886715.png 230 243 48 48
pics/1414787886891.png 162 247 49 49
pics/1414787887051.png 130 250 50 50
pics/1414787887235.png 100 252 50 50
pics/1414788144195.png 359 301 42 42
pics/1414788144435.png 327 290 44 44 263 274 40 40
pics/1414788144667.png 317 282 43 43
pics/1414788144867.png 288 281 43 43 223 261 41 41
pics/1414788145091.png 273 281 45 45 212 260 43 43
pics/1414788145291.png 238 279 43 43
pics/1414788145483.png 196 292 44 44 135 277 42 42
pics/1414788145675.png 181 302 43 43
pics/1414788146043.png 176 289 44 44 118 268 42 42
pics/1414788146267.png 142 241 41 41 200 262 44 44
pics/1414788146451.png 228 263 45 45 170 242 40 40
pics/1414788146651.png 187 254 41 41 244 273 43 43
pics/1414788146843.png 214 284 41 41 275 301 43 43
pics/1414788147084.png 244 313 41 41 305 332 45 45
pics/1414788147923.png 560 401 53 53 511 265 43 43
pics/1414788148091.png 527 243 43 43 597 384 43 43
pics/1414788148283.png 530 231 42 42
pics/1414788148491.png 520 219 42 42
pics/1414788148723.png 499 237 43 43
pics/1414788148939.png 477 280 43 43
pics/1414788149147.png 466 293 43 43
pics/1414788149459.png 442 279 44 44
pics/1414788149691.png 429 249 43 43
pics/1414788149899.png 420 239 43 43
pics/1414788150795.png 190 281 47 47 224 326 68 68
pics/1414788150939.png 246 339 74 74 215 293 47 47
pics/1414788151163.png 277 317 48 48 304 366 73 73
pics/1414788151355.png 339 376 72 72 313 324 49 49
pics/1414788151555.png 404 385 73 73 380 328 50 50
pics/1414788151731.png 424 380 82 82 404 323 52 52
pics/1414788151948.png 441 319 53 53 460 381 84 84
pics/1414788152139.png 460 321 56 56 478 392 80 80
pics/1414788152331.png 467 323 53 53 481 397 74 74 256 269 41 41
pics/1414788152547.png 458 320 56 56 469 396 81 81
pics/1414788152747.png 434 327 60 60
pics/1414788152939.png 402 335 60 60
pics/1414788153155.png 387 338 61 61
pics/1414788153379.png 356 341 63 63
pics/1414788153531.png 356 341 63 63
pics/1414788153755.png 307 332 73 73
pics/1414788153947.png 274 341 77 77
pics/1414788154163.png 84 274 40 40 243 354 83 83
pics/1414788154371.png 232 359 81 81
pics/1414788154539.png 59 280 43 43 201 366 88 88
pics/1414788154804.png 424 280 44 44 53 277 41 41 175 375 89 89
pics/1414788154995.png 435 282 42 42 52 273 41 41 156 383 89 89
pics/1414788155211.png 443 284 41 41 53 271 43 43 144 412 46 46 148 385 88 88
pics/1414788155811.png 469 284 42 42 52 293 42 42
pics/1414788156011.png 452 296 44 44 26 304 42 42
pics/1414788157755.png 297 308 57 57
pics/1414788157939.png 331 319 61 61
pics/1414788158155.png 391 344 62 62
pics/1414788158323.png 427 357 60 60
pics/1414788160027.png 37 288 46 46
pics/1414788160195.png 39 316 47 47
pics/1414788160395.png 29 328 46 46 542 270 41 41
pics/1414788160571.png 520 267 41 41 2 339 43 43
pics/1414788163619.png 399 298 43 43
pics/1414788163827.png 371 275 43 43
pics/1414788163971.png 351 267 43 43
pics/1414788164627.png
pics/1414788166076.png 163 291 45 45
pics/1414788166267.png 153 310 48 48
pics/1414788166451.png 139 311 46 46 368 290 41 41
pics/1414788166643.png 367 284 40 40 133 299 46 46
pics/1414788166811.png 371 261 40 40 126 273 46 46
pics/1414788167011.png 126 268 47 47
pics/1414788167195.png 131 284 47 47 392 274 42 42
pics/1414788167355.png 397 284 43 43 135 297 45 45
pics/1414788168051.png 151 277 46 46
pics/1414788168243.png 171 306 48 48
pics/1414788168459.png 184 312 46 46
pics/1414788168683.png 210 309 47 47
pics/1414788168899.png 241 303 50 50
pics/1414788169116.png 279 305 48 48
pics/1414788169331.png 317 300 51 51
pics/1414788169515.png 331 297 51 51
pics/1414788170331.png 490 305 49 49 59 322 57 57
pics/1414788170532.png 476 307 51 51 39 329 54 54 34 324 83 83
pics/1414788170740.png 445 312 51 51 2 344 46 46
pics/1414788170931.png 407 313 51 51
pics/1414788171116.png 390 311 51 51
pics/1414788171315.png 357 306 53 53
pics/1414788171493.png 342 306 51 51
pics/1414788172779.png 243 324 52 52
pics/1414788172931.png 246 325 54 54
pics/1414788175523.png 522 289 41 41
pics/1414788175715.png 527 291 43 43
pics/1414788175899.png 535 283 42 42
pics/1414788176067.png 531 278 42 42
pics/1414788176379.png 494 291 42 42
pics/1414788176603.png 448 300 44 44
pics/1414788176843.png 387 293 44 44
pics/1414788177067.png 305 287 44 44
pics/1414788177291.png 260 287 47 47
pics/1414788177507.png 165 288 46 46
pics/1414788177667.png 84 282 46 46
pics/1414788181819.png 297 323 54 54
pics/1414788394243.png 231 309 48 48
pics/1414788394411.png 207 323 49 49 206 347 53 53
pics/1414788394611.png 160 337 49 49 543 262 94 94
pics/1414788394795.png 135 343 49 49
pics/1414788394980.png 89 357 50 50
pics/1414788395163.png 70 362 49 49
pics/1414788408531.png 240 247 42 42
pics/1414788408708.png 229 238 43 43
pics/1414788408971.png 227 221 43 43
pics/1414788409195.png 238 242 43 43
pics/1414788409420.png 262 278 41 41
pics/1414788409627.png 307 224 142 142
pics/1414788409859.png 395 293 42 42
pics/1414788410075.png 438 294 41 41
pics/1414788427836.png
pics/1414788428075.png
pics/1414788428371.png
pics/1414788428619.png
pics/1414788428875.png
pics/1414788429235.png
pics/1414788429619.png
pics/1414788430075.png 222 280 41 41
pics/1414788430332.png 263 290 41 41
pics/1414788430539.png 312 297 41 41
pics/1414788430731.png 336 295 41 41
pics/1414788430923.png 359 266 41 41
pics/1414788431139.png 359 262 42 42
pics/1414788431367.png 334 290 44 44
pics/1414788431587.png 313 306 43 43
pics/1414788431803.png 253 324 43 43
pics/1414788432051.png 185 334 44 44
pics/1414788432259.png 140 341 45 45
pics/1414788432475.png 107 324 45 45
pics/1414788432684.png 92 314 46 46
pics/1414788432899.png 61 317 47 47
pics/1414788433067.png 35 331 48 48
pics/1414788453219.png
pics/1414788453451.png
pics/1414788456604.png 522 310 55 55
pics/1414788456779.png 542 324 59 59
pics/1414788483795.png
pics/1414788484027.png
pics/1414788484235.png 188 233 91 91
pics/1414788484443.png
pics/1414788484675.png
pics/1414788484899.png
pics/1414788485067.png
pics/1414788486435.png
pics/1414788486643.png
pics/1414788486867.png
pics/1414788487091.png
pics/1414788487315.png
pics/1414788487547.png
pics/1414788487779.png 405 267 40 40
pics/1414788488035.png
pics/1414788488283.png
pics/1414788488491.png
pics/1414788488699.png
pics/1414788612612.png
pics/1414788612804.png
pics/1414788612939.png 579 238 52 52
pics/1414788613155.png
pics/1414788613323.png
pics/1414788614172.png
pics/1414788614395.png
pics/1414788614635.png
pics/1414788615069.png
pics/1414788615275.png 164 238 44 44
pics/1414788615475.png 132 237 47 47
pics/1414788615643.png
pics/1414788616563.png 430 249 41 41 238 298 124 124
pics/1414788616780.png 428 248 41 41 235 300 127 127
pics/1414788616979.png 425 244 43 43 225 288 139 139
pics/1414788617179.png 434 239 42 42 415 269 168 168 217 279 182 182
pics/1414788617355.png 430 241 42 42 547 237 42 42 227 274 160 160
pics/1414788617531.png 541 236 44 44 424 240 41 41 229 259 134 134 3 282 178 178
pics/1414788618675.png 65 245 42 42
pics/1414788618859.png 53 254 42 42 280 353 120 120
pics/1414788619043.png 46 253 43 43
pics/1414788619212.png 41 250 40 40 273 358 109 109
pics/1414788619995.png 74 244 42 42 369 257 45 45
pics/1414788620203.png 301 224 47 47 575 236 43 43 403 295 157 157
pics/1414788620403.png 261 217 44 44 537 225 43 43
pics/1414788620596.png 261 217 44 44 537 225 43 43
pics/1414788620795.png 567 279 44 44 282 263 46 46
pics/1414788620979.png 3 247 42 42 591 285 45 45 303 272 46 46
pics/1414788621147.png 17 237 42 42 325 257 46 46 495 242 51 51
pics/1414788622299.png 283 251 44 44 53 254 48 48 476 371 43 43
pics/1414788622483.png 46 264 47 47 281 261 44 44 401 391 42 42 506 397 41 41
pics/1414788622683.png 540 411 45 45 438 406 43 43 52 272 48 48 291 268 44 44
pics/1414788622892.png 278 266 47 47 542 416 44 44 39 270 49 49
pics/1414788623073.png 558 416 48 48 266 257 45 45 20 256 50 50
pics/1414788623219.png 6 253 49 49 252 256 46 46 557 425 50 50
pics/1414788624171.png 153 254 62 62 587 267 50 50
pics/1414788624547.png 134 250 66 66 595 280 44 44
pics/1414788876596.png 394 253 42 42 354 272 49 49
pics/1414788876836.png 264 275 51 51 300 253 42 42
pics/1414788878084.png 375 230 44 44 384 259 56 56
pics/1414788878316.png 431 229 43 43 451 259 58 58
pics/1414788884684.png 503 266 41 41
pics/1413757655320.png 515 330 52 52 37 225 47 47 437 239 55 55
pics/1413757659320.png 231 313 47 47
pics/1413757667104.png 176 313 49 49
pics/1413757712584.png
pics/1414197382703.png 317 326 100 100
pics/1414197382991.png 394 333 99 99
pics/1414197496767.png 102 297 47 47
pics/1414197497447.png
pics/1414197498543.png
pics/1414197500151.png 199 308 45 45
pics/1414197500503.png 179 285 48 48
pics/1414197500919.png 134 295 46 46
pics/1414197501351.png 144 283 47 47
pics/1414197502015.png 345 308 45 45
pics/1414197502439.png 526 307 45 45
pics/1414197502919.png
pics/1414197510295.png 448 271 41 41
pics/1414197510855.png 409 277 42 42
pics/1414197511311.png 371 270 42 42
pics/1414197511895.png
pics/1414197512343.png
pics/1414197512767.png
pics/1414197513271.png
pics/1414197513799.png
pics/1414197516775.png
pics/1414197517252.png 582 303 44 44
pics/1414197517799.png 497 301 44 44
pics/1414197518207.png 472 304 42 42
pics/1414197518671.png 444 297 43 43
pics/1414197519144.png
pics/1414197519599.png
pics/1414197520103.png 393 425 41 41
pics/1414197520551.png
pics/1414197520983.png
pics/1414197521408.png
pics/1414197521807.png
pics/1414197522295.png
pics/1414197522759.png
pics/1414197523191.png
pics/1414197523599.png
pics/1414197524032.png
pics/1414197524455.png
pics/1414197524799.png
pics/1414197526599.png 507 293 42 42
pics/1414197526983.png 525 296 43 43
pics/1414197533279.png 469 353 100 100
pics/1414197533863.png 366 323 107 107
pics/1414197534511.png 573 271 48 48 275 295 100 100
pics/1414197535103.png 235 291 89 89 537 276 49 49
pics/1414197535599.png 195 282 83 83 501 269 48 48
pics/1414197536151.png 104 263 69 69 399 255 48 48
pics/1414197536654.png 346 254 46 46 65 260 60 60
pics/1414197538415.png 19 251 46 46 246 250 42 42 510 249 42 42
pics/1414197538887.png 35 248 46 46 248 249 43 43 511 253 41 41
pics/1414197539319.png 30 247 45 45 237 249 43 43 490 249 44 44
pics/1414197539711.png 21 244 44 44 469 246 40 40 218 246 41 41
pics/1414197540143.png 10 240 43 43 197 243 41 41 439 245 41 41
pics/1414197540536.png 410 245 41 41 172 240 40 40
pics/1414197540927.png 381 239 41 41
pics/1414197541327.png 354 238 40 40
pics/1414787615126.png
pics/1414787618140.png
pics/1414787619562.png 453 246 42 42
pics/1414787626091.png 482 250 44 44
pics/1414787887403.png 51 252 50 50
pics/1414787887603.png 9 252 50 50
pics/1414787889779.png 230 233 43 43
pics/1414787890067.png 212 235 42 42
pics/1414787890523.png 150 228 42 42
pics/1414787891651.png 208 256 43 43
pics/1414787893115.png 131 281 61 61
pics/1414787893347.png 202 271 62 62
pics/1414787893547.png 269 269 62 62
pics/1414787893739.png 294 271 63 63
pics/1414787893931.png 349 271 64 64
pics/1414787894827.png 284 229 44 44
pics/1414787895011.png 307 234 43 43
pics/1414787895195.png 316 233 44 44
pics/1414787895403.png 333 234 43 43
pics/1414787895619.png 342 235 44 44
pics/1414787895811.png 340 236 45 45 585 236 43 43
pics/1414787896019.png 326 234 44 44
pics/1414787896243.png 294 228 44 44
pics/1414787896403.png 272 225 43 43
pics/1414787897219.png 354 246 47 47
pics/1414787897411.png 317 246 48 48
pics/1414787897598.png 300 249 45 45 298 230 56 56
pics/1414787897779.png 298 244 44 44
pics/1414787897971.png 307 235 45 45
pics/1414787898163.png 315 230 46 46
pics/1414787898435.png 337 232 45 45
pics/1414787898651.png 359 242 45 45
pics/1414787898835.png 371 247 46 46
pics/1414787915547.png 528 270 78 78
pics/1414787915667.png 553 276 75 75
pics/1414787915827.png 584 277 52 52
pics/1414787916003.png
pics/1414787916131.png
pics/1414787917227.png 133 285 79 79 168 232 43 43
pics/1414787917395.png 119 284 81 81 159 234 44 44
pics/1414787917547.png 103 287 80 80 147 235 43 43
pics/1414787917699.png 83 285 83 83 133 233 45 45
pics/1414787919219.png 368 290 45 45
pics/1414787919395.png 341 293 46 46
pics/1414787919947.png 282 294 45 45 18 262 41 41
pics/1414787920147.png 239 290 48 48
pics/1414787920315.png 214 290 48 48
pics/1414787920491.png 159 296 47 47
pics/1414787922443.png 241 269 41 41
pics/1414787922651.png 304 269 43 43
pics/1414787922835.png 372 269 43 43
pics/1414787923011.png 405 269 43 43
pics/1414787925781.png 152 226 43 43 185 262 42 42 99 374 93 93
pics/1414787925939.png 92 235 43 43 118 272 44 44 14 383 89 89
pics/1414787926099.png 79 278 42 42 57 241 42 42 8 410 44 44
pics/1414787927483.png 126 283 43 43
pics/1414787927699.png 125 282 40 40
pics/1414787927923.png 112 279 41 41 379 270 41 41
pics/1414787928155.png 82 279 42 42
pics/1414787928411.png 44 286 42 42
pics/1414787928643.png 314 286 42 42 18 292 45 45
pics/1414787929067.png 16 290 45 45 333 271 42 42
pics/1414787929387.png 71 292 47 47 409 256 42 42
pics/1414787929595.png 484 258 41 41 133 299 52 52
pics/1414787929819.png 184 300 57 57 541 264 41 41
pics/1414787930027.png 558 272 42 42 201 306 58 58
pics/1414787930259.png 576 298 44 44 218 327 61 61
pics/1414787930476.png 205 353 68 68 573 316 45 45
pics/1414787930659.png 557 317 44 44 168 359 82 82
pics/1414787930843.png 543 309 46 46 149 361 83 83
pics/1414787931795.png
pics/1414787932011.png
pics/1414787932203.png
pics/1414787932371.png 529 296 40 40
pics/1414787936411.png 262 282 45 45
pics/1414788193451.png 109 343 67 67 451 259 48 48 73 273 86 86
pics/1414788193651.png 108 352 63 63 458 263 46 46 73 278 87 87
pics/1414788193844.png 481 265 48 48 108 355 73 73 84 281 87 87
pics/1414788194403.png 588 267 48 48 163 360 84 84 159 278 97 97
pics/1414788195779.png 153 281 52 52
pics/1414788196459.png 230 256 57 57
pics/1414788196676.png 237 260 55 55
pics/1414788196891.png 228 267 56 56
pics/1414788197107.png 214 281 61 61
pics/1414788197347.png 206 295 61 61
pics/1414788197539.png 205 300 59 59
pics/1414788197739.png 194 291 62 62
pics/1414788198132.png 187 273 65 65
pics/1414788198363.png 202 286 69 69
pics/1414788207499.png 388 240 44 44 388 222 66 66
pics/1414788207763.png 409 244 54 54
pics/1414788207971.png 405 247 51 51
pics/1414788208171.png 380 254 43 43 381 237 54 54
pics/1414788208372.png 349 234 53 53 118 223 48 48
pics/1414788208587.png 327 230 51 51
pics/1414788208803.png 277 226 48 48 571 255 46 46
pics/1414788209011.png 524 256 47 47 229 232 50 50
pics/1414788209235.png 184 239 48 48 475 254 49 49
pics/1414788209467.png 145 243 50 50 434 252 48 48
pics/1414788209667.png 126 239 54 54 416 253 46 46
pics/1414788209883.png 94 226 52 52 379 248 46 46
pics/1414788210083.png 70 224 43 43 350 244 46 46
pics/1414788211731.png 147 246 55 55 431 258 47 47
pics/1414788211987.png 122 249 50 50 404 260 50 50
pics/1414788219739.png 129 245 50 50 196 237 50 50
pics/1414788219939.png 184 262 52 52 117 269 49 49
pics/1414788220155.png 106 276 50 50 172 270 52 52
pics/1414788220355.png 165 259 47 47 95 263 51 51
pics/1414788220563.png 161 256 47 47 93 262 50 50 405 266 45 45
pics/1414788220755.png 159 254 47 47 90 261 52 52 61 233 94 94
pics/1414788220979.png 176 250 47 47 104 258 56 56
pics/1414788221211.png 216 252 51 51 145 260 59 59 198 218 119 119
pics/1414788221411.png 250 260 51 51 177 265 64 64
pics/1414788221619.png 333 279 48 48 262 282 64 64 322 255 92 92
pics/1414788221771.png 382 280 47 47 310 287 62 62 364 252 94 94
pics/1414788222899.png 119 280 42 42 194 297 48 48
pics/1414788223083.png 104 255 45 45 177 276 47 47
pics/1414788223283.png 93 250 41 41 165 271 49 49
pics/1414788225619.png 347 237 88 88
pics/1414788225811.png 309 260 82 82
pics/1414788225955.png 288 263 86 86
pics/1414788624731.png 104 247 69 69 577 278 55 55
pics/1414788626419.png 155 271 56 56
pics/1414788626651.png 159 273 56 56
pics/1414788626867.png 167 273 58 58
pics/1414788627227.png 172 270 59 59
pics/1414788627451.png 181 274 60 60
pics/1414788628204.png 197 237 42 42 230 288 125 125 20 246 188 188
pics/1414788628403.png 100 241 43 43 105 291 127 127
pics/1414788628587.png 45 248 44 44 38 304 119 119
pics/1414788628956.png 467 286 85 85
pics/1414788629155.png 278 273 77 77
pics/1414788631676.png 243 270 97 97 38 289 99 99
pics/1414788631843.png 303 305 100 100
pics/1414788632740.png 309 297 108 108
pics/1414788665844.png
pics/1414788666579.png
pics/1414788667883.png
pics/1414788670507.png
pics/1414788670731.png
pics/1414788671052.png
pics/1414788671459.png
pics/1414788678931.png 85 306 110 110
pics/1414788815548.png 292 295 60 60
pics/1414788815708.png 292 295 60 60
pics/1414788815868.png 460 315 72 72
pics/1414788819140.png 300 274 46 46
pics/1414788819366.png 348 297 53 53
pics/1414788819580.png 348 297 53 53
pics/1414788821412.png 272 277 45 45
pics/1414788828612.png
pics/1414788828924.png
pics/1414788829176.png
pics/1414788830148.png 328 276 44 44
pics/1414788830372.png 293 282 47 47
pics/1414788831020.png 282 292 57 57
pics/1414788831500.png 277 295 56 56
pics/1414788832656.png 265 290 52 52
pics/1414788832860.png 265 290 52 52
pics/1414788833036.png 268 303 53 53
pics/1414788835276.png 215 233 51 51
pics/1414788835500.png 184 241 46 46
pics/1414788835708.png 169 247 43 43
pics/1414788835924.png 169 247 43 43
pics/1414788836332.png 187 251 44 44
pics/1414788836540.png 187 251 44 44
pics/1414788837884.png 102 254 43 43
pics/1414788838124.png 102 254 43 43
pics/1414788838356.png 127 244 44 44
pics/1414788838588.png 124 244 45 45
pics/1414788839836.png 479 258 57 57 14 242 43 43
pics/1414788841692.png 262 262 72 72
pics/1414788841836.png 398 279 94 94
pics/1414788854868.png 441 268 54 54
pics/1414788855804.png 263 258 52 52 492 240 47 47
pics/1414788856020.png 463 244 48 48 236 261 53 53
pics/1414788856228.png 437 246 46 46 212 263 51 51
pics/1414788856668.png 394 243 46 46 171 259 53 53
pics/1414788856884.png 394 243 46 46 171 259 53 53
pics/1414788857692.png 104 259 51 51 313 243 46 46
pics/1414788857876.png 94 256 51 51 303 240 44 44
